0110 7 17 17 17
0091 6 16 17 15
0077 6 16 16 16
0062 6 15 16 16
0044 6 15 17 15
0023 8 17 18 16
0007 7 16 16 17
0006 6 16 18 16
0099 6 15 17 16
0112 7 16 16 16
0120 6 16 16 16
0124 7 17 16 17
0142 7 14 17 14
0093 7 16 17 16
0473 7 15 17 15
0435 5 16 16 16
0425 6 15 16 15
0415 8 17 15 17
0381 6 16 16 15
0364 7 15 17 15
0347 5 16 15 17
0324 7 16 17 16
0242 7 15 18 14
0232 6 16 16 17
0213 6 16 16 16
0184 6 16 16 16
0183 7 14 17 14
0172 7 16 16 15
0584 7 16 17 16
0525 7 17 15 16
0526 5 16 16 15
0528 7 16 17 16
0531 7 15 17 16
0570 7 16 16 16
0576 7 16 16 16
0581 7 15 18 15
0606 5 16 18 16
0597 7 16 16 16
0608 8 16 17 15
0610 6 16 17 16
0617 6 16 16 15
0624 7 15 16 15
0641 6 16 15 16
0647 7 15 17 15
0654 7 16 16 15
0656 6 14 17 14
0674 6 15 17 14
0683 7 15 18 15
0684 6 16 16 16
0691 7 14 17 14
0618 7 16 16 16
0715 6 16 16 15
0712 6 16 15 16
0716 7 16 16 16
0713 6 16 15 16
0726 6 15 15 14
0732 8 16 17 15
0733 5 15 16 15
0734 7 16 17 15
0737 7 15 18 15
0743 6 15 17 15
0745 7 16 17 15
0750 7 15 16 15
0755 7 16 16 16
0759 7 16 17 15
0762 7 16 16 16
0769 8 16 17 16
0771 9 15 17 16
0724 6 16 17 16
0795 7 16 16 16
0799 6 16 17 16
0813 6 16 16 15
0832 7 15 15 15
0833 7 16 15 16
0839 8 17 17 17
0840 8 17 16 17
0841 7 16 15 16
0844 6 15 16 16
0846 7 16 15 16
0847 7 15 15 15
0856 8 16 16 16
0868 7 16 16 16
0785 7 15 16 15
0875 7 15 15 15
0880 8 15 17 15
0883 6 16 16 16
0888 5 15 14 15
0889 7 15 16 15
0890 7 14 17 15
0891 6 16 15 16
0896 7 16 16 16
0900 6 15 16 15
0901 7 15 17 15
0905 7 15 16 15
0927 5 15 15 15
0929 7 15 16 15
0871 6 16 17 16
1017 6 16 17 16
0933 7 16 16 16
0940 6 16 15 16
0943 7 15 16 15
0952 7 15 15 15
0965 6 15 17 15
0980 6 15 16 15
0981 8 15 16 15
0982 7 16 16 16
0985 5 15 15 15
0987 6 16 17 16
1000 7 16 16 16
1008 6 16 16 16
0930 7 15 17 16
1059 8 17 18 17
1072 5 16 16 16
1090 6 15 16 15
1091 6 14 16 14
1108 6 16 15 16
1112 6 15 16 15
1126 6 16 17 16
1142 6 16 16 15
1159 6 15 16 16
1172 6 16 16 16
1176 7 15 16 15
1185 6 16 18 16
1190 7 15 16 15
1039 6 16 16 16
1209 8 15 17 15
1211 7 16 16 16
1221 6 16 16 16
1228 6 16 16 15
1230 6 16 17 16
1234 5 15 17 15
1240 7 14 16 14
1249 6 16 16 16
1252 6 15 16 15
1256 6 16 16 16
1262 7 15 17 15
1263 5 15 14 15
1274 6 15 15 15
1197 5 15 16 15
1279 8 15 16 15
1281 7 15 17 15
1288 6 14 15 14
1301 8 14 19 14
1306 6 16 16 16
1313 5 14 16 14
1345 6 15 16 15
1349 6 15 16 15
1352 8 16 17 16
1366 7 16 17 16
1375 8 15 18 15
1378 6 15 15 15
1380 7 16 17 16
1381 7 15 16 15
1382 7 16 17 16
1386 6 15 17 15
1391 7 16 16 16
1410 6 16 16 16
1411 8 15 18 15
1415 7 15 17 15
1278 8 16 17 16
1435 8 16 18 15
1438 7 16 16 16
1444 7 16 16 15
1452 7 16 16 16
1486 8 17 17 16
1503 6 16 17 16
1532 6 15 17 15
1533 7 16 18 16
1554 7 15 17 15
1568 6 16 16 16
1572 7 16 17 16
1573 7 15 16 15
1576 7 16 17 16
1580 7 16 17 16
1591 6 15 16 15
1594 6 15 17 15
1602 6 15 17 15
1604 8 15 18 15
1607 7 15 16 15
1609 5 16 15 16
1419 8 17 16 17
1637 7 15 16 15
1638 7 15 17 15
1640 7 16 15 16
1664 7 16 16 16
1680 6 16 16 16
1694 8 16 17 16
1695 8 16 17 16
1709 6 16 16 16
1713 7 16 16 15
1715 7 16 16 16
1735 7 16 16 16
1744 5 15 14 15
1754 7 15 18 15
1755 7 16 17 16
1763 6 16 14 16
1767 7 15 16 15
1776 7 16 16 16
1777 6 16 15 16
1779 7 17 15 17
1786 6 15 17 15
1615 6 16 16 16
1794 6 15 17 15
1795 7 14 18 14
1804 7 17 15 17
1806 7 16 16 16
1814 7 15 17 15
1819 5 16 16 16
1823 7 16 16 15
1826 6 16 16 16
1832 6 16 14 16
1833 8 17 15 17
1834 7 15 16 15
1856 6 16 15 16
1857 6 16 16 15
1859 7 15 17 16
1881 7 16 17 16
1883 7 15 17 15
1889 8 16 18 16
1892 7 16 17 16
1912 6 15 16 15
1916 7 15 16 15
1792 8 17 17 17
1924 8 17 16 17
1926 6 15 17 15
1931 7 16 16 16
1932 6 15 16 15
1945 7 15 16 15
1947 6 15 14 15
1965 8 16 16 16
1967 9 16 17 16
1970 7 15 17 15
1971 7 13 17 13
1976 6 15 16 15
1977 8 16 16 16
1995 6 15 17 15
1997 7 15 17 15
1999 7 16 15 16
2000 7 15 16 15
1917 7 14 17 14
1792 8 17 17 17
