2001 6 16 17 16
2005 8 16 17 16
2006 6 16 15 17
2008 7 17 17 17
2010 7 16 18 16
2017 7 16 15 16
2024 6 16 17 16
2026 6 16 18 16
2012 5 16 17 15
2019 7 14 16 15
2029 7 14 18 14               
2034 6 16 17 15               
2036 6 15 16 15               
2056 7 15 16 15               
2061 5 16 18 16               
2063 6 14 17 15               
2067 5 16 16 16               
2068 5 15 15 15               
2074 7 15 16 14                              
2090 8 16 17 16                              
2094 5 16 16 17               
2105 7 16 16 16               
2106 7 15 17 15               
2107 6 16 16 17               
2114 7 15 17 16
2115 5 16 16 16               
2117 5 15 18 15
2118 8 16 19 15               
2119 7 16 17 16               
2120 8 16 16 16               
2121 6 16 16 16               
2122 7 16 16 16               
2125 6 16 16 16               
2127 6 15 17 15               
2128 4 13 16 14               
2131 7 16 18 16               
2135 7 17 18 17               
2138 8 15 17 15               
2140 5 15 17 16               
2145 5 17 16 17               
2147 5 16 18 17               
2151 7 14 17 14               
2153 8 16 18 16               
2157 8 17 18 17               
2161 7 15 17 14               
2165 6 18 17 18               
2172 5 16 17 16               
2176 8 16 19 16               
2177 9 18 17 17               
2182 6 15 17 15               
2183 6 15 17 15               
2186 5 16 17 16               
2188 6 17 15 18               
2207 5 17 17 17               
2213 7 16 18 16               
2219 8 16 16 16               
2221 7 17 15 17               
2223 6 18 17 18               
2226 6 16 17 16               
2227 5 16 17 16               
2239 8 16 17 16               
2240 7 16 18 16               
2241 6 17 16 17               
2242 7 17 16 18               
2246 8 18 15 18               
2248 6 16 17 16               
2249 8 17 15 17               
2250 4 16 18 16               
2251 7 17 16 18               
2253 7 16 17 16                               
2267 5 16 18 16
2269 7 16 16 16               
2270 8 17 16 17               
2272 6 17 16 17               
2276 5 17 15 16                
2281 8 16 16 16               
2284 5 16 16 17               
2291 5 16 16 16               
2292 7 15 16 15               
2293 8 18 15 18              
2300 5 18 18 17               
2304 4 16 19 16               
2312 7 16 18 17               
2326 6 18 15 18               
2327 5 17 16 15               
2331 8 17 18 18                              
2335 7 18 15 18               
2348 7 17 18 17               
2351 8 18 18 17               
2354 7 17 15 18               
2359 7 18 17 18                
2366 6 17 16 17
2368 6 16 16 16               
2371 7 16 16 16               
2372 8 17 18 17               
2380 7 15 17 15               
2384 7 16 17 16               
2392 7 16 17 16               
2393 7 18 16 18               
2394 7 16 16 17               
2402 6 16 17 16                              
2405 7 16 18 16               
2406 7 16 17 16               
2409 8 18 15 18               
2410 5 16 15 16               
2413 8 16 16 16                
2415 8 18 17 17               
2416 6 17 16 16               
2417 8 17 15 17                
2418 5 18 16 17               
2419 7 16 18 15               
2421 6 16 17 17               
2423 8 18 17 18               
2425 7 16 16 16               
2426 7 17 18 16               
2428 4 17 16 17               
2430 7 17 18 17               
2431 6 18 16 18              
2432 5 16 12 17              
2434 7 17 17 17               
2439 7 16 16 16               
2440 7 17 17 17               
2441 8 19 16 17               
2445 6 16 17 16               
2446 6 17 15 17               
2447 8 17 19 16               
2448 9 17 18 17               
2449 6 15 17 15              
2454 6 17 15 17               
2456 10 16 16 16               
2457 5 16 13 17               
2459 8 18 17 17               
2460 7 16 16 16              
2464 7 16 17 16               
2466 10 17 19 16               
2467 6 17 19 17               
2468 7 17 17 17                 
2469 6 15 17 15               
2470 8 17 15 17               
2471 6 18 15 18               
2473 6 15 17 15               
2474 6 18 16 17               
2478 6 16 17 17                
2479 4 18 15 18               
2481 6 16 15 17                
2482 7 18 17 17                
2485 6 16 16 15               
2489 6 17 15 17                
2490 7 15 17 15               
2492 7 18 17 18               
2493 7 16 16 16                
2497 7 19 16 19               
2499 4 17 16 18               
2500 8 19 18 18               
2504 6 18 17 18               
2510 7 18 17 17               
2512 5 17 16 17               
2515 7 17 18 16               
2518 7 16 19 16               
2519 5 16 17 15               
2523 5 17 17 16               
2525 7 17 16 17               
2529 8 17 16 17                
2532 4 17 15 17               
2537 8 16 17 16               
2540 8 18 15 17               
2541 7 16 16 16               
2547 7 18 15 18               
2548 7 17 16 17               
2551 6 15 17 14               
2553 6 18 16 18               
2554 6 17 16 18               
2556 7 18 15 18               
2560 7 18 16 17               
2561 7 17 16 17               
2564 8 18 17 18               
2565 9 17 16 18               
2566 8 18 17 17               
2569 4 17 15 18               
2572 8 18 17 18             
2573 7 17 16 18 
2578 5 18 15 18
2581 7 18 16 19
2582 6 16 14 17
2583 6 17 15 17 
2585 10 18 20 17
2590 9 16 16 16
2598 8 18 15 18
2599 7 15 16 15
2601 8 19 15 19
2602 6 17 16 17
2604 7 16 17 16
2759 7 18 15 18
2760 8 18 16 18
2761 8 19 16 18
2763 7 15 16 15
2768 7 16 16 16
2771 8 17 17 16
2773 6 16 16 16
2781 6 18 16 17 
2783 6 17 15 17
2787 8 18 15 18
2788 7 18 15 18
2797 5 16 15 16
2803 8 16 17 16
2811 7 16 17 17
2815 6 18 18 18
2823 6 16 13 16
2826 7 17 16 17
2828 7 16 16 16
2829 7 16 16 16
2834 7 17 16 17
2844 8 18 15 18
2845 7 17 16 17
2848 5 17 15 18
2855 7 18 15 18
2857 7 16 16 16
2859 8 17 15 17
2861 8 18 17 18
2862 7 16 17 16
2879 8 15 16 15
2888 7 17 16 17
2895 8 17 16 17
2900 9 17 16 17
2902 9 16 17 16
2906 7 16 14 16
2912 7 16 14 16
2919 9 17 16 17
2929 8 16 16 16
2933 7 18 15 18
2934 7 17 15 17
2938 7 16 16 16 
2939 8 16 16 16
2941 6 16 15 16
2959 8 18 15 18
2964 8 17 16 17
2982 7 18 16 18