0110
0091
0077
0062
0044
0023
0007
0006
0099
0112
0120
0124
0142
0093
0473
0435
0425
0415
0381
0364
0347
0324
0242
0232
0213
0184
0183
0172
0584
0525
0526
0528
0531
0570
0576
0581
0606
0597
0608
0610
0617
0624
0641
0647
0654
0656
0674
0683
0684
0691
0618
0715
0712
0716
0713
0726
0732
0733
0734
0737
0743
0745
0750
0755
0759
0762
0769
0771
0724
0795
0799
0813
0832
0833
0839
0840
0841
0844
0846
0847
0856
0868
0785
0875
0880
0883
0888
0889
0890
0891
0896
0900
0901
0905
0927
0929
0871
1017
0933
0940
0943
0952
0965
0980
0981
0982
0985
0987
1000
1008
0930
1059
1072
1090
1091
1108
1112
1126
1142
1159
1172
1176
1185
1190
1039
1209
1211
1221
1228
1230
1234
1240
1249
1252
1256
1262
1263
1274
1197
1279
1281
1288
1301
1306
1313
1345
1349
1352
1366
1375
1378
1380
1381
1382
1386
1391
1410
1411
1415
1278
1435
1438
1444
1452
1486
1503
1532
1533
1554
1568
1572
1573
1576
1580
1591
1594
1602
1604
1607
1609
1419
1637
1638
1640
1664
1680
1694
1695
1709
1713
1715
1735
1744
1754
1755
1763
1767
1776
1777
1779
1786
1615
1794
1795
1804
1806
1814
1819
1823
1826
1832
1833
1834
1856
1857
1859
1881
1883
1889
1892
1912
1916
1792
1924
1926
1931
1932
1945
1947
1965
1967
1970
1971
1976
1977
1995
1997
1999
2000
1917
1792
