1.000000 0.000000 0.000000 -2.000000
0.901639 -0.081967 2.901639 0.081967
1.000000 0.000000 1.000000 -1.000000
0.990099 0.099010 -0.425743 0.742574
0.909091 0.000000 1.545455 1.363636
0.990099 -0.099010 0.762376 -2.623762
1.097561 0.121951 -2.634146 -1.707317
0.833333 -0.000000 2.000000 1.666667
0.901639 0.081967 0.360656 1.967213
1.111111 0.000000 -0.777778 -2.777778
1.000000 0.000000 1.000000 -1.000000
1.111111 0.000000 -0.777778 -3.888889
1.000000 -0.000000 0.000000 1.000000
1.000000 -0.000000 0.000000 -1.000000
1.000000 -0.000000 0.000000 0.000000
0.909091 0.000000 2.454545 0.454545
1.000000 -0.000000 1.000000 0.000000
1.428571 0.000000 -4.428571 -9.285714
0.990099 -0.099010 2.643564 -1.435644
1.000000 -0.000000 0.000000 0.000000
0.990099 0.099010 0.465347 -0.346535
1.000000 -0.000000 0.000000 -1.000000
0.901639 -0.081967 1.918033 0.901639
0.990099 0.099010 -0.524752 -0.247525
1.000000 0.000000 1.000000 -1.000000
1.000000 0.000000 1.000000 -1.000000
1.000000 -0.000000 0.000000 1.000000
1.097561 -0.121951 1.268293 -3.414634
1.000000 -0.000000 0.000000 -1.000000
1.230769 -0.153846 1.000000 -7.000000
0.901639 -0.081967 3.803279 0.163934
1.000000 -0.000000 0.000000 -1.000000
0.990099 0.099010 -1.415842 0.841584
1.111111 0.000000 -0.777778 -2.777778
1.111111 0.000000 -0.777778 -2.777778
0.909091 0.000000 0.636364 1.363636
0.769231 0.000000 3.153846 2.692308
1.111111 0.000000 -0.777778 -2.777778
1.097561 -0.121951 0.170732 -3.536585
0.909091 -0.000000 1.545455 0.454545
0.990099 -0.099010 2.643564 -1.435644
1.111111 -0.000000 -0.777778 -1.666667
1.111111 -0.000000 0.333333 -2.777778
1.000000 -0.000000 0.000000 0.000000
1.097561 -0.121951 1.268293 -3.414634
0.909091 0.000000 1.545455 2.272727
0.901639 -0.081967 2.819672 0.983607
0.909091 0.000000 0.636364 1.363636
1.000000 0.000000 1.000000 -1.000000
1.000000 -0.000000 0.000000 1.000000
1.111111 0.000000 -0.777778 -2.777778
0.990099 -0.099010 2.643564 -1.435644
1.111111 -0.000000 0.333333 -2.777778
1.111111 0.000000 -0.777778 -2.777778
1.111111 -0.000000 0.333333 -2.777778
1.097561 -0.121951 2.243902 -2.195122
1.097561 -0.121951 0.170732 -3.536585
0.909091 -0.000000 2.454545 1.363636
0.990099 -0.099010 1.653465 -1.534653
0.909091 0.000000 0.636364 1.363636
0.909091 0.000000 1.545455 1.363636
0.990099 -0.099010 1.653465 -1.534653
1.111111 -0.000000 -0.777778 -1.666667
1.111111 0.000000 -0.777778 -2.777778
0.990099 -0.099010 1.653465 -1.534653
1.111111 0.000000 -0.777778 -2.777778
1.111111 -0.000000 -1.888889 -2.777778
1.230769 0.153846 -6.384615 -2.076923
0.909091 -0.000000 1.545455 0.454545
1.111111 0.000000 -0.777778 -2.777778
0.909091 -0.000000 1.545455 0.454545
0.990099 -0.099010 2.643564 -1.435644
1.250000 0.000000 -1.750000 -3.750000
1.250000 -0.000000 -1.750000 -5.000000
1.111111 -0.000000 -1.888889 -3.888889
1.250000 0.000000 -3.000000 -6.250000
1.250000 -0.000000 -1.750000 -5.000000
0.990099 0.099010 -0.425743 0.742574
1.250000 -0.000000 -1.750000 -5.000000
1.250000 0.000000 -1.750000 -3.750000
1.250000 0.000000 -3.000000 -5.000000
1.111111 0.000000 -0.777778 -2.777778
1.111111 -0.000000 -0.777778 -1.666667
1.250000 0.000000 -1.750000 -3.750000
1.111111 -0.000000 -1.888889 -1.666667
1.000000 0.000000 1.000000 -1.000000
1.111111 0.000000 1.444444 -1.666667
1.111111 -0.000000 -0.777778 -1.666667
0.990099 0.099010 -1.316832 1.831683
1.111111 -0.000000 0.333333 -2.777778
1.111111 0.000000 -0.777778 -2.777778
1.000000 -0.000000 1.000000 0.000000
1.000000 -0.000000 0.000000 0.000000
1.111111 -0.000000 -0.777778 -1.666667
1.000000 0.000000 2.000000 0.000000
1.111111 -0.000000 -0.777778 -1.666667
0.909091 -0.000000 1.545455 0.454545
0.909091 -0.000000 1.545455 0.454545
1.111111 0.000000 -0.777778 -2.777778
1.111111 -0.000000 0.333333 -2.777778
1.111111 -0.000000 -0.777778 -1.666667
1.250000 0.000000 -1.750000 -3.750000
0.909091 0.000000 1.545455 1.363636
1.000000 -0.000000 1.000000 0.000000
1.250000 -0.000000 -3.000000 -3.750000
1.111111 0.000000 -0.777778 -2.777778
1.000000 0.000000 2.000000 0.000000
0.909091 -0.000000 1.545455 0.454545
1.111111 0.000000 -0.777778 -2.777778
1.000000 0.000000 1.000000 -1.000000
0.990099 0.099010 -1.415842 0.841584
1.000000 -0.000000 -1.000000 -2.000000
0.909091 0.000000 2.454545 0.454545
1.000000 -0.000000 1.000000 0.000000
1.000000 0.000000 1.000000 1.000000
1.111111 -0.000000 0.333333 -2.777778
1.000000 -0.000000 1.000000 0.000000
0.909091 -0.000000 1.545455 0.454545
0.990099 -0.099010 2.643564 -1.435644
0.990099 0.099010 -0.425743 0.742574
1.000000 0.000000 1.000000 -1.000000
1.111111 -0.000000 -0.777778 -1.666667
0.833333 -0.000000 2.000000 1.666667
1.111111 -0.000000 -0.777778 -1.666667
1.000000 0.000000 1.000000 -1.000000
1.111111 -0.000000 -1.888889 -1.666667
1.111111 0.000000 -0.777778 -2.777778
1.000000 0.000000 1.000000 -1.000000
0.990099 -0.099010 2.643564 -1.435644
0.909091 -0.000000 1.545455 0.454545
0.833333 -0.000000 2.833333 2.500000
1.111111 -0.000000 -0.777778 -0.555556
1.000000 0.000000 1.000000 -1.000000
1.000000 -0.000000 1.000000 0.000000
1.000000 0.000000 1.000000 -1.000000
1.000000 -0.000000 0.000000 0.000000
1.111111 0.000000 1.444444 -1.666667
1.111111 0.000000 0.333333 -1.666667
0.909091 -0.000000 2.454545 1.363636
1.250000 -0.000000 -3.000000 -3.750000
1.000000 -0.000000 0.000000 0.000000
1.111111 -0.000000 0.333333 -0.555556
0.909091 0.000000 -0.272727 2.272727
1.000000 0.000000 1.000000 -1.000000
0.909091 0.000000 2.454545 2.272727
1.000000 -0.000000 1.000000 0.000000
1.000000 -0.000000 1.000000 0.000000
1.111111 -0.000000 -1.888889 -2.777778
1.000000 -0.000000 0.000000 -1.000000
1.000000 -0.000000 -1.000000 0.000000
1.111111 0.000000 0.333333 -1.666667
1.000000 -0.000000 0.000000 -1.000000
1.111111 -0.000000 -0.777778 -1.666667
1.000000 -0.000000 0.000000 -1.000000
0.909091 0.000000 1.545455 1.363636
1.111111 0.000000 -0.777778 -2.777778
1.000000 0.000000 1.000000 -1.000000
1.000000 -0.000000 -1.000000 0.000000
1.000000 -0.000000 0.000000 0.000000
1.111111 -0.000000 -1.888889 -2.777778
0.990099 -0.099010 0.663366 -1.633663
1.111111 0.000000 -0.777778 -2.777778
1.097561 -0.121951 1.268293 -3.414634
1.111111 0.000000 -0.777778 -2.777778
1.097561 -0.121951 0.292683 -4.634146
0.909091 -0.000000 1.545455 0.454545
0.909091 0.000000 1.545455 1.363636
0.909091 0.000000 0.636364 0.454545
1.000000 -0.000000 0.000000 0.000000
1.000000 0.000000 1.000000 -1.000000
1.000000 -0.000000 0.000000 -1.000000
1.111111 -0.000000 -0.777778 -1.666667
1.000000 -0.000000 0.000000 -1.000000
1.000000 -0.000000 0.000000 -1.000000
1.000000 -0.000000 1.000000 0.000000
0.909091 0.000000 1.545455 1.363636
0.909091 0.000000 1.545455 1.363636
1.000000 -0.000000 -1.000000 0.000000
1.111111 -0.000000 -0.777778 -1.666667
1.000000 0.000000 2.000000 -1.000000
1.250000 0.000000 -3.000000 -6.250000
1.111111 -0.000000 -0.777778 -1.666667
1.000000 -0.000000 0.000000 0.000000
1.250000 -0.000000 -1.750000 -5.000000
1.111111 0.000000 -0.777778 -2.777778
1.000000 0.000000 1.000000 -1.000000
1.111111 -0.000000 -1.888889 -2.777778
1.111111 -0.000000 -1.888889 -2.777778
1.000000 0.000000 1.000000 -1.000000
1.097561 -0.121951 1.268293 -3.414634
1.111111 0.000000 -0.777778 -2.777778
1.111111 0.000000 -0.777778 -2.777778
1.111111 0.000000 1.444444 -1.666667
0.909091 0.000000 0.636364 1.363636
1.000000 -0.000000 0.000000 -1.000000
1.250000 0.000000 -0.500000 -5.000000
1.111111 -0.000000 -0.777778 -1.666667
1.111111 0.000000 -0.777778 -2.777778
1.111111 -0.000000 0.333333 -2.777778
1.250000 0.000000 -1.750000 -6.250000
0.909091 0.000000 1.545455 1.363636
1.000000 0.000000 1.000000 -1.000000
0.909091 0.000000 1.545455 1.363636
0.909091 -0.000000 0.636364 2.272727
1.250000 0.000000 -1.750000 -6.250000
1.111111 0.000000 -0.777778 -2.777778
1.000000 -0.000000 0.000000 0.000000
0.909091 0.000000 2.454545 0.454545
1.097561 -0.121951 1.268293 -3.414634
1.000000 0.000000 1.000000 -1.000000
1.250000 0.000000 -0.500000 -5.000000
1.428571 0.000000 -4.428571 -9.285714
1.111111 -0.000000 -0.777778 -1.666667
1.111111 -0.000000 0.333333 -2.777778
0.990099 -0.099010 2.643564 -1.435644
0.990099 0.099010 -1.415842 0.841584
1.000000 -0.000000 0.000000 -1.000000
1.000000 -0.000000 0.000000 0.000000
1.000000 0.000000 -1.000000 -1.000000
1.000000 -0.000000 0.000000 -1.000000
1.000000 -0.000000 1.000000 0.000000
1.111111 -0.000000 -0.777778 -1.666667
1.111111 -0.000000 -1.888889 -3.888889
1.250000 0.000000 -3.000000 -6.250000
0.909091 0.000000 1.545455 1.363636
1.111111 0.000000 -0.777778 -2.777778
1.000000 -0.000000 1.000000 0.000000
1.111111 -0.000000 -0.777778 -1.666667
1.250000 0.000000 -0.500000 -3.750000
1.250000 0.000000 -3.000000 -5.000000
1.250000 0.000000 -4.250000 -5.000000
1.000000 -0.000000 0.000000 0.000000
1.000000 -0.000000 0.000000 2.000000
1.000000 -0.000000 1.000000 0.000000
1.250000 0.000000 -3.000000 -5.000000
0.909091 0.000000 1.545455 1.363636
1.000000 -0.000000 0.000000 0.000000
1.250000 -0.000000 -1.750000 -5.000000
1.111111 -0.000000 -0.777778 -1.666667
1.000000 -0.000000 0.000000 1.000000
1.111111 -0.000000 -1.888889 -3.888889
