0.909091 -0.000000 1.545455 0.454545
1.111111 -0.000000 -1.888889 -2.777778
1.097561 0.121951 -1.536585 -1.829268
1.000000 0.000000 0.000000 -2.000000
0.909091 0.000000 0.636364 0.454545
1.250000 -0.000000 -1.750000 -5.000000
0.909091 -0.000000 1.545455 0.454545
0.833333 -0.000000 2.000000 1.666667
0.827586 -0.068966 3.965517 1.413793
1.097561 0.121951 -2.390244 0.487805
0.909091 -0.000000 0.636364 2.272727
0.901639 -0.081967 2.901639 0.081967
1.000000 -0.000000 1.000000 0.000000
1.111111 -0.000000 -0.777778 -1.666667
0.769231 0.000000 3.153846 2.692308
0.901639 0.081967 0.442623 2.868852
0.909091 0.000000 2.454545 0.454545
1.000000 0.000000 2.000000 0.000000
1.097561 -0.121951 1.146341 -2.317073
1.111111 -0.000000 -1.888889 -2.777778
0.901639 0.081967 1.180328 0.983607
1.111111 0.000000 -0.777778 -2.777778
1.000000 -0.000000 0.000000 0.000000
0.990099 0.099010 -0.524752 -0.247525
0.990099 0.099010 -1.415842 0.841584
0.909091 0.000000 2.454545 0.454545
0.769231 -0.000000 3.153846 3.461538
0.901639 -0.081967 1.098361 -0.081967
1.000000 -0.000000 0.000000 -1.000000
1.250000 0.000000 -3.000000 -5.000000
1.000000 0.000000 1.000000 -1.000000
1.111111 0.000000 -0.777778 -2.777778
1.000000 0.000000 1.000000 -1.000000
0.909091 0.000000 1.545455 1.363636
0.827586 0.068966 2.793103 4.517241
0.909091 0.000000 0.636364 0.454545
0.909091 -0.000000 0.636364 -0.454545
1.111111 -0.000000 -1.888889 -1.666667
0.827586 0.068966 1.827586 2.931034
0.909091 0.000000 2.454545 -0.454545
0.764706 0.058824 2.235294 3.058824
1.000000 -0.000000 0.000000 1.000000
1.000000 0.000000 -1.000000 -1.000000
1.000000 -0.000000 -1.000000 -2.000000
0.990099 -0.099010 1.554455 -0.544554
0.909091 -0.000000 1.545455 -1.363636
0.833333 -0.000000 2.833333 1.666667
0.909091 0.000000 -0.272727 0.454545
1.230769 -0.153846 -1.307692 -8.538462
0.909091 0.000000 1.545455 1.363636
0.909091 0.000000 1.545455 1.363636
0.833333 -0.000000 2.833333 1.666667
1.097561 0.121951 -1.658537 -2.926829
0.833333 0.000000 2.833333 0.833333
0.909091 0.000000 0.636364 0.454545
1.250000 0.000000 -3.000000 -5.000000
1.250000 0.000000 -1.750000 -6.250000
0.909091 -0.000000 1.545455 -1.363636
0.909091 -0.000000 1.545455 0.454545
0.833333 -0.000000 2.833333 1.666667
1.111111 -0.000000 -1.888889 -2.777778
0.909091 0.000000 0.636364 0.454545
1.000000 0.000000 1.000000 -2.000000
1.097561 0.121951 -2.756098 -2.804878
1.428571 0.000000 -4.428571 -10.714286
0.909091 -0.000000 1.545455 0.454545
1.428571 0.000000 -4.428571 -9.285714
0.714286 0.000000 4.142857 3.571429
1.097561 0.121951 -2.756098 -2.804878
1.000000 -0.000000 0.000000 -1.000000
0.769231 0.000000 3.153846 2.692308
1.111111 0.000000 -0.777778 -2.777778
1.250000 0.000000 -3.000000 -6.250000
1.000000 0.000000 1.000000 -2.000000
0.990099 -0.099010 3.732673 -2.326733
1.250000 0.000000 -3.000000 -5.000000
0.901639 0.081967 1.180328 0.983607
0.909091 0.000000 2.454545 0.454545
1.111111 -0.000000 -0.777778 -1.666667
1.428571 0.000000 -4.428571 -10.714286
0.764706 -0.058824 4.235294 0.941176
0.666667 -0.000000 4.333333 4.333333
0.901639 0.081967 -0.622951 1.147541
1.111111 0.000000 0.333333 -5.000000
0.880000 -0.160000 5.320000 -0.760000
0.990099 0.099010 -2.603960 -1.039604
1.250000 -0.000000 -1.750000 -7.500000
0.909091 -0.000000 0.636364 -0.454545
0.990099 -0.099010 0.861386 -3.613861
1.230769 0.153846 -4.230769 -4.846154
1.000000 0.000000 0.000000 -3.000000
1.000000 0.000000 1.000000 -2.000000
1.000000 0.000000 1.000000 -1.000000
1.111111 0.000000 -0.777778 -2.777778
1.000000 -0.000000 -1.000000 -2.000000
1.000000 -0.000000 0.000000 0.000000
1.000000 -0.000000 0.000000 -1.000000
1.000000 -0.000000 0.000000 -1.000000
1.111111 0.000000 -0.777778 -5.000000
1.097561 0.121951 -2.634146 -1.707317
0.909091 -0.000000 1.545455 0.454545
0.909091 0.000000 0.636364 0.454545
1.000000 -0.000000 0.000000 -1.000000
1.428571 0.000000 -4.428571 -10.714286
1.000000 0.000000 2.000000 -1.000000
1.250000 0.000000 -3.000000 -5.000000
1.097561 -0.121951 0.414634 -5.731707
0.990099 -0.099010 2.742574 -2.425743
1.428571 0.000000 -4.428571 -9.285714
0.901639 -0.081967 3.967213 -1.639344
0.901639 -0.081967 2.000000 0.000000
0.901639 0.081967 0.278689 1.065574
1.111111 -0.000000 -1.888889 -5.000000
1.111111 0.000000 -0.777778 -2.777778
0.901639 -0.081967 2.081967 -0.901639
0.833333 0.000000 3.666667 0.833333
0.909091 -0.000000 0.636364 -0.454545
1.000000 0.000000 1.000000 -3.000000
1.400000 0.200000 -3.200000 -6.400000
1.000000 0.000000 0.000000 -2.000000
1.111111 0.000000 -0.777778 -2.777778
1.000000 0.000000 0.000000 -2.000000
1.176471 -0.294118 3.176471 -9.705882
0.909091 -0.000000 1.545455 0.454545
1.111111 -0.000000 0.333333 -3.888889
0.901639 -0.081967 1.180328 -0.983607
1.111111 -0.000000 -3.000000 -3.888889
0.909091 0.000000 1.545455 1.363636
1.111111 -0.000000 0.333333 -3.888889
1.666667 0.000000 -9.666667 -11.666667
1.230769 0.153846 -1.615385 -3.923077
1.097561 -0.121951 0.414634 -5.731707
1.111111 0.000000 -0.777778 -2.777778
1.000000 -0.000000 0.000000 -1.000000
1.097561 -0.121951 -1.902439 -4.878049
0.769231 0.000000 2.384615 1.923077
1.000000 0.000000 0.000000 -2.000000
0.909091 0.000000 1.545455 1.363636
1.428571 0.000000 -4.428571 -9.285714
1.111111 0.000000 0.333333 -5.000000
0.909091 0.000000 1.545455 1.363636
0.990099 -0.099010 2.841584 -3.415842
0.901639 0.081967 0.278689 1.065574
0.909091 -0.000000 3.363636 -1.363636
1.097561 0.121951 -1.536585 -1.829268
0.990099 -0.099010 1.851485 -3.514851
0.990099 -0.099010 2.643564 -1.435644
1.111111 -0.000000 0.333333 -3.888889
1.000000 -0.000000 0.000000 0.000000
1.000000 0.000000 0.000000 -3.000000
1.111111 0.000000 -0.777778 -2.777778
1.111111 -0.000000 -0.777778 -6.111111
0.827586 0.068966 2.517241 1.206897
0.990099 -0.099010 0.960396 -4.603960
0.909091 -0.000000 1.545455 -1.363636
0.990099 -0.099010 1.851485 -3.514851
0.909091 0.000000 2.454545 -0.454545
0.901639 -0.081967 2.081967 -0.901639
0.833333 0.000000 1.166667 1.666667
0.827586 -0.068966 3.965517 1.413793
0.827586 -0.068966 4.034483 0.586207
1.111111 0.000000 -0.777778 -3.888889
1.250000 0.000000 -3.000000 -6.250000
0.909091 0.000000 3.363636 -0.454545
1.111111 -0.000000 -1.888889 -2.777778
1.400000 -0.200000 -0.600000 -11.800000
1.111111 0.000000 -0.777778 -2.777778
1.250000 -0.000000 -1.750000 -7.500000
1.111111 0.000000 -0.777778 -3.888889
0.901639 -0.081967 2.819672 0.983607
1.000000 0.000000 1.000000 -3.000000
0.990099 0.099010 -0.623762 -1.237624
1.250000 -0.000000 -1.750000 -7.500000
1.097561 -0.121951 1.512195 -5.609756
1.111111 0.000000 -0.777778 -3.888889
1.111111 -0.000000 -1.888889 -5.000000
1.400000 0.200000 -9.000000 -7.000000
1.097561 -0.121951 0.414634 -5.731707
0.901639 0.081967 2.000000 -0.000000
1.111111 -0.000000 -1.888889 -5.000000
1.097561 0.121951 -2.756098 -2.804878
1.000000 -0.000000 2.000000 -3.000000
1.097561 0.121951 -2.878049 -3.902439
1.230769 0.153846 -2.846154 -3.769231
1.111111 -0.000000 0.333333 -3.888889
0.990099 -0.099010 -1.118812 -3.811881
1.428571 0.000000 -5.857143 -7.857143
1.428571 0.000000 -4.428571 -10.714286
1.111111 -0.000000 -0.777778 -1.666667
1.428571 0.000000 -4.428571 -12.142857
1.000000 0.000000 1.000000 -2.000000
1.000000 -0.000000 0.000000 -1.000000
1.250000 -0.000000 -1.750000 -7.500000
1.250000 0.000000 -3.000000 -7.500000
1.230769 -0.153846 0.076923 -9.615385
1.111111 -0.000000 -0.777778 -1.666667
1.111111 0.000000 -0.777778 -2.777778
1.097561 -0.121951 0.292683 -4.634146
1.000000 0.000000 1.000000 -1.000000
0.990099 -0.099010 2.841584 -3.415842
1.111111 -0.000000 0.333333 -3.888889
1.428571 0.000000 -4.428571 -10.714286
1.250000 -0.000000 -1.750000 -7.500000
1.000000 0.000000 2.000000 -1.000000
1.111111 -0.000000 -1.888889 -2.777778
0.990099 0.099010 -1.514851 -0.148515
0.833333 0.000000 2.000000 0.000000
1.428571 0.000000 -1.571429 -7.857143
1.111111 0.000000 -0.777778 -3.888889
1.111111 0.000000 -0.777778 -2.777778
1.111111 0.000000 -0.777778 -2.777778
1.111111 0.000000 -0.777778 -3.888889
1.428571 0.000000 -4.428571 -10.714286
1.111111 0.000000 -0.777778 -3.888889
0.990099 0.099010 0.366337 -1.336634
1.250000 -0.000000 -1.750000 -7.500000
1.111111 0.000000 -0.777778 -2.777778
1.428571 0.000000 -4.428571 -9.285714
1.111111 -0.000000 -1.888889 -5.000000
1.000000 -0.000000 0.000000 -1.000000
1.250000 -0.000000 -3.000000 -3.750000
1.111111 0.000000 -0.777778 -3.888889
1.250000 0.000000 -3.000000 -6.250000
1.428571 0.000000 -5.857143 -9.285714
1.250000 0.000000 -4.250000 -5.000000
1.428571 0.000000 -3.000000 -7.857143
1.428571 0.000000 -3.000000 -7.857143
1.428571 0.000000 -5.857143 -9.285714
1.250000 0.000000 -3.000000 -5.000000
1.250000 -0.000000 -1.750000 -7.500000
1.250000 0.000000 -1.750000 -6.250000
1.111111 0.000000 -0.777778 -2.777778
1.250000 0.000000 -3.000000 -5.000000
1.111111 -0.000000 0.333333 -2.777778
1.428571 0.000000 -4.428571 -10.714286
1.250000 0.000000 -3.000000 -6.250000
1.111111 0.000000 -0.777778 -5.000000