1 0.2509435298429228
2 0.25061579238938647
3 0.2503471524159872
4 0.250065395701767
5 0.24966417891025505
6 0.24910345509997864
7 0.24834225273168192
8 0.24736237208150005
9 0.2461837408095551
10 0.24483651065408799
11 0.24327322549994942
12 0.2417871195269263
13 0.24073166452895933
14 0.2398194897175769
15 0.23906137285833165
16 0.23854309779032024
17 0.23764915167618214
18 0.2368687746318717
19 0.2353443393162996
20 0.23422223528497693
21 0.23259779196178693
22 0.23120573622173285
23 0.23120573622173285
24 0.22910326615268806
25 0.22628494125538173
26 0.2247522566016754
27 0.2247522566016754
28 0.22310276446835084
29 0.22310276446835084
30 0.22310276446835084
31 0.2213478972387604
32 0.21901016292752473
33 0.21776193302217445
34 0.21722451943464566
35 0.21535844074861826
36 0.2147089955386737
37 0.2146300092441139
38 0.21164467672996923
39 0.21020927218809804
40 0.21020927218809804
41 0.20972810314442283
42 0.20839673804637887
43 0.20839673804637887
44 0.20839673804637887
45 0.20045342802522392
46 0.20045342802522392
47 0.20045342802522392
48 0.20045342802522392
49 0.20045342802522392
50 0.19446250002450902
51 0.1855139644889128
52 0.18219716039583542
53 0.18219716039583542
54 0.18219716039583542
55 0.18219716039583542
56 0.18219716039583542
57 0.18219716039583542
58 0.18219716039583542
59 0.18219716039583542
60 0.18219716039583542
61 0.18219716039583542
62 0.18219716039583542
63 0.18219716039583542
64 0.18219716039583542
65 0.18219716039583542
66 0.18219716039583542
67 0.18219716039583542
68 0.18219716039583542
69 0.18219716039583542
70 0.17569354704679296
71 0.1714503151082044
72 0.1714503151082044
73 0.1714503151082044
74 0.17055578847583935
75 0.17055578847583935
76 0.17055578847583935
77 0.17055578847583935
78 0.17055578847583935
79 0.17055578847583935
80 0.1508633014613728
81 0.1508633014613728
82 0.1508633014613728
83 0.1508633014613728
84 0.14421084381793722
85 0.13544135919433808
86 0.13544135919433808
87 0.13544135919433808
88 0.12967239069657432
89 0.12967239069657432
90 0.12967239069657432
91 0.12967239069657432
92 0.12967239069657432
93 0.12967239069657432
94 0.12967239069657432
95 0.12967239069657432
96 0.12967239069657432
97 0.12967239069657432
98 0.12967239069657432
99 0.12967239069657432
100 0.12967239069657432
101 0.12967239069657432
102 0.12967239069657432
103 0.12967239069657432
104 0.11813660420845751
105 0.11813660420845751
106 0.11813660420845751
107 0.11813660420845751
108 0.11813660420845751
109 0.11813660420845751
110 0.11813660420845751
111 0.11813660420845751
112 0.11813660420845751
113 0.11813660420845751
114 0.11813660420845751
115 0.11813660420845751
116 0.11813660420845751
117 0.11813660420845751
118 0.11813660420845751
119 0.11813660420845751
120 0.1145487182606191
121 0.1145487182606191
122 0.10939912545173866
123 0.10640124972896911
124 0.10640124972896911
125 0.10640124972896911
126 0.10640124972896911
127 0.10640124972896911
128 0.10640124972896911
129 0.10640124972896911
130 0.10640124972896911
131 0.10640124972896911
132 0.10640124972896911
133 0.10332162834620356
134 0.10332162834620356
135 0.10158166623529007
136 0.09199235661185301
137 0.09199235661185301
138 0.09199235661185301
139 0.09199235661185301
140 0.08826700386985106
141 0.08826700386985106
142 0.08729046150076315
143 0.08729046150076315
144 0.08109483640976821
145 0.08109483640976821
146 0.08109483640976821
147 0.08109483640976821
148 0.08109483640976821
149 0.08109483640976821
150 0.08109483640976821
151 0.08109483640976821
152 0.08109483640976821
153 0.08109483640976821
154 0.08109483640976821
155 0.08109483640976821
156 0.08109483640976821
157 0.08109483640976821
158 0.08109483640976821
159 0.08109483640976821
160 0.08109483640976821
161 0.08109483640976821
162 0.08109483640976821
163 0.07974951100109194
164 0.07364672577680129
165 0.07117743649603955
166 0.06858633408328911
167 0.06858633408328911
168 0.06806656681347968
169 0.06806656681347968
170 0.06806656681347968
171 0.06806656681347968
172 0.06806656681347968
173 0.06806656681347968
174 0.06806656681347968
175 0.06806656681347968
176 0.06806656681347968
177 0.06806656681347968
178 0.06806656681347968
179 0.06806656681347968
180 0.06806656681347968
181 0.06806656681347968
182 0.06806656681347968
183 0.06806656681347968
184 0.06806656681347968
185 0.06806656681347968
186 0.06806656681347968
187 0.06806656681347968
188 0.06600435671894
189 0.0626119801028991
190 0.05810141341952654
191 0.05810141341952654
192 0.05810141341952654
193 0.05810141341952654
194 0.05810141341952654
195 0.05810141341952654
196 0.05810141341952654
197 0.05810141341952654
198 0.05810141341952654
199 0.05810141341952654
200 0.05810141341952654
201 0.05810141341952654
202 0.05810141341952654
203 0.05810141341952654
204 0.05810141341952654
205 0.05810141341952654
206 0.057541179463639534
207 0.05660783832924339
208 0.056191173868540695
209 0.056191173868540695
210 0.056191173868540695
211 0.056191173868540695
212 0.056191173868540695
213 0.05424328539069608
214 0.05424328539069608
215 0.05424328539069608
216 0.05424328539069608
217 0.05424328539069608
218 0.05424328539069608
219 0.05424328539069608
220 0.05424328539069608
221 0.04848666671495362
222 0.04848666671495362
223 0.04848666671495362
224 0.04397428381889768
225 0.04127982288727365
226 0.0361918358077529
227 0.0361918358077529
228 0.03560823387628746
229 0.034639851113213924
230 0.034639851113213924
231 0.034308710401727574
232 0.034308710401727574
233 0.034308710401727574
234 0.034308710401727574
235 0.034308710401727574
236 0.034308710401727574
237 0.034308710401727574
238 0.034308710401727574
239 0.034308710401727574
240 0.034308710401727574
241 0.034308710401727574
242 0.034308710401727574
243 0.034308710401727574
244 0.034308710401727574
245 0.034308710401727574
246 0.034308710401727574
247 0.034308710401727574
248 0.034308710401727574
249 0.034308710401727574
250 0.034308710401727574
251 0.034308710401727574
252 0.034308710401727574
253 0.034308710401727574
254 0.034308710401727574
255 0.034308710401727574
256 0.034308710401727574
257 0.034308710401727574
258 0.034308710401727574
259 0.034308710401727574
260 0.034308710401727574
261 0.034308710401727574
262 0.034308710401727574
263 0.034308710401727574
264 0.034308710401727574
265 0.034308710401727574
266 0.034308710401727574
267 0.034308710401727574
268 0.034308710401727574
269 0.034308710401727574
270 0.034308710401727574
271 0.034308710401727574
272 0.034308710401727574
273 0.034308710401727574
274 0.034308710401727574
275 0.034308710401727574
276 0.034308710401727574
277 0.034308710401727574
278 0.034308710401727574
279 0.034308710401727574
280 0.034308710401727574
281 0.034308710401727574
282 0.034308710401727574
283 0.034308710401727574
284 0.034308710401727574
285 0.034308710401727574
286 0.034308710401727574
287 0.034308710401727574
288 0.034308710401727574
289 0.034308710401727574
290 0.034308710401727574
291 0.034308710401727574
292 0.034308710401727574
293 0.034308710401727574
294 0.034308710401727574
295 0.034308710401727574
296 0.034308710401727574
297 0.034308710401727574
298 0.034308710401727574
299 0.034308710401727574
300 0.034308710401727574
301 0.034308710401727574
302 0.034308710401727574
303 0.034308710401727574
304 0.034308710401727574
305 0.034308710401727574
306 0.034308710401727574
307 0.034308710401727574
308 0.034308710401727574
309 0.034308710401727574
310 0.034308710401727574
311 0.034308710401727574
312 0.034308710401727574
313 0.034308710401727574
314 0.034308710401727574
315 0.034308710401727574
316 0.034308710401727574
317 0.034308710401727574
318 0.034308710401727574
319 0.034308710401727574
320 0.034308710401727574
321 0.034308710401727574
322 0.034308710401727574
323 0.034308710401727574
324 0.034308710401727574
325 0.034308710401727574
326 0.034308710401727574
327 0.034308710401727574
328 0.034308710401727574
329 0.034308710401727574
330 0.034308710401727574
331 0.034308710401727574
332 0.034308710401727574
333 0.034308710401727574
334 0.034308710401727574
335 0.034308710401727574
336 0.034308710401727574
337 0.034308710401727574
338 0.034308710401727574
339 0.034308710401727574
340 0.034308710401727574
341 0.034308710401727574
342 0.034308710401727574
343 0.034308710401727574
344 0.034308710401727574
345 0.034308710401727574
346 0.034308710401727574
347 0.034308710401727574
348 0.034308710401727574
349 0.034308710401727574
350 0.034308710401727574
351 0.034308710401727574
352 0.034308710401727574
353 0.034308710401727574
354 0.034308710401727574
355 0.034308710401727574
356 0.034308710401727574
357 0.034308710401727574
358 0.034308710401727574
359 0.034308710401727574
360 0.034308710401727574
361 0.034308710401727574
362 0.034308710401727574
363 0.034308710401727574
364 0.034308710401727574
365 0.034308710401727574
366 0.034308710401727574
367 0.034308710401727574
368 0.034308710401727574
369 0.034308710401727574
370 0.034308710401727574
371 0.034308710401727574
372 0.034308710401727574
373 0.034308710401727574
374 0.034308710401727574
375 0.034308710401727574
376 0.034308710401727574
377 0.034308710401727574
378 0.034308710401727574
379 0.034308710401727574
380 0.034308710401727574
381 0.034308710401727574
382 0.034308710401727574
383 0.034308710401727574
384 0.034308710401727574
385 0.034308710401727574
386 0.034308710401727574
387 0.034308710401727574
388 0.034308710401727574
389 0.032439982452199395
390 0.032439982452199395
391 0.032439982452199395
392 0.032439982452199395
393 0.031085947645569642
394 0.02781071821126419
395 0.02781071821126419
396 0.02781071821126419
397 0.02781071821126419
398 0.02781071821126419
399 0.02781071821126419
400 0.02781071821126419
401 0.02781071821126419
402 0.02781071821126419
403 0.02781071821126419
404 0.02781071821126419
405 0.02781071821126419
406 0.02781071821126419
407 0.02781071821126419
408 0.02781071821126419
409 0.02781071821126419
410 0.02781071821126419
411 0.02781071821126419
412 0.02781071821126419
413 0.02781071821126419
414 0.02781071821126419
415 0.02781071821126419
416 0.02781071821126419
417 0.02781071821126419
418 0.02781071821126419
419 0.02781071821126419
420 0.02781071821126419
421 0.02781071821126419
422 0.02781071821126419
423 0.02781071821126419
424 0.02781071821126419
425 0.02781071821126419
426 0.02781071821126419
427 0.02781071821126419
428 0.02781071821126419
429 0.02781071821126419
430 0.02781071821126419
431 0.02781071821126419
432 0.02781071821126419
433 0.02781071821126419
434 0.02781071821126419
435 0.02781071821126419
436 0.02781071821126419
437 0.02781071821126419
438 0.02781071821126419
439 0.02781071821126419
440 0.02781071821126419
441 0.02781071821126419
442 0.02781071821126419
443 0.02781071821126419
444 0.02781071821126419
445 0.02781071821126419
446 0.02781071821126419
447 0.02781071821126419
448 0.02781071821126419
449 0.02781071821126419
450 0.02781071821126419
451 0.024793537128814422
452 0.024793537128814422
453 0.023123713229134122
454 0.023123713229134122
455 0.023123713229134122
456 0.023123713229134122
457 0.023123713229134122
458 0.023123713229134122
459 0.023123713229134122
460 0.023123713229134122
461 0.023123713229134122
462 0.023123713229134122
463 0.023123713229134122
464 0.023123713229134122
465 0.023123713229134122
466 0.023123713229134122
467 0.023123713229134122
468 0.023123713229134122
469 0.023123713229134122
470 0.023123713229134122
471 0.023123713229134122
472 0.023123713229134122
473 0.023123713229134122
474 0.023123713229134122
475 0.023123713229134122
476 0.023123713229134122
477 0.023123713229134122
478 0.023123713229134122
479 0.023123713229134122
480 0.023123713229134122
481 0.023123713229134122
482 0.023123713229134122
483 0.023123713229134122
484 0.023123713229134122
485 0.021464293256317286
486 0.021464293256317286
487 0.021464293256317286
488 0.02083417123510254
489 0.020384727231695963
490 0.019484400268446708
491 0.019484400268446708
492 0.019484400268446708
493 0.018663435537940216
494 0.018663435537940216
495 0.018663435537940216
496 0.017624867252135083
497 0.017624867252135083
498 0.017624867252135083
499 0.017624867252135083
500 0.017624867252135083
501 0.017624867252135083
502 0.008564738703433085
503 0.008564738703433085
504 0.007534658753732761
505 0.007534658753732761
506 0.007390196072247355
507 0.007390196072247355
508 0.007390196072247355
509 0.007390196072247355
510 0.007390196072247355
511 0.007390196072247355
512 0.007390196072247355
513 0.006951487964330324
514 0.006951487964330324
515 0.0065602541956835195
516 0.00653951184966529
517 0.006185549251466023
518 0.006144726500491488
519 0.006144726500491488
520 0.005333009221284949
521 0.005333009221284949
522 0.005333009221284949
523 0.005333009221284949
524 0.005333009221284949
525 0.005333009221284949
526 0.005333009221284949
527 0.005333009221284949
528 0.005333009221284949
529 0.005006290757416723
530 0.004497755096113209
531 0.004030942460819063
532 0.0033304040473115777
533 0.0033304040473115777
534 0.0033304040473115777
535 0.002170287012812737
536 0.002170287012812737
537 0.0018486265274706506
538 0.0013695476394954794
539 0.0010582793722925664
540 8.47995362292482E-4
