1 0.25137355742581025 
2 0.2510916626316307 
3 0.2508303785755839 
4 0.250569447019433 
5 0.2502166203980789 
6 0.2496413173912256 
7 0.24868905524896123 
8 0.24723122650901574 
9 0.24550133675045094 
10 0.24369972093112888 
11 0.24194667670165138 
12 0.24037080946018224 
13 0.23901125599169498 
14 0.2376232671246653 
15 0.23617711232979 
16 0.23535037525104008 
17 0.23436670284415836 
18 0.23384621460772312 
19 0.23307819807501026 
20 0.2321581989771875 
21 0.23204470885309741 
22 0.23149798328194385 
23 0.23080259533232367 
24 0.23040031447739798 
25 0.22867003198470467 
26 0.22867003198470467 
27 0.2245122521611749 
28 0.2245122521611749 
29 0.2245122521611749 
30 0.22211949812756857 
31 0.22211949812756857 
32 0.22211949812756857 
33 0.22211949812756857 
34 0.22211949812756857 
35 0.22042482276104522 
36 0.2190089665651352 
37 0.21658369364383245 
38 0.21658369364383245 
39 0.21320010794143576 
40 0.21060098001993852 
41 0.21060098001993852 
42 0.21060098001993852 
43 0.20855801497977497 
44 0.20855801497977497 
45 0.20810250129819824 
46 0.1977455532047902 
47 0.1977455532047902 
48 0.1977455532047902 
49 0.19144783540316865 
50 0.18521790587648798 
51 0.1810688142952254 
52 0.1786337674571918 
53 0.1786337674571918 
54 0.1786337674571918 
55 0.1786337674571918 
56 0.1786337674571918 
57 0.1786337674571918 
58 0.1786337674571918 
59 0.1786337674571918 
60 0.1786337674571918 
61 0.1786337674571918 
62 0.1786337674571918 
63 0.1786337674571918 
64 0.1786337674571918 
65 0.16965241614923915 
66 0.16037456562436278 
67 0.16037456562436278 
68 0.16037456562436278 
69 0.16037456562436278 
70 0.1593536565718575 
71 0.15742916293051143 
72 0.150899529193454 
73 0.150899529193454 
74 0.150899529193454 
75 0.150899529193454 
76 0.14756691104125744 
77 0.14756691104125744 
78 0.14756691104125744 
79 0.14756691104125744 
80 0.14756691104125744 
81 0.14602871987757268 
82 0.14602871987757268 
83 0.14602871987757268 
84 0.1444468079418767 
85 0.13844368022845158 
86 0.13844368022845158 
87 0.13844368022845158 
88 0.13844368022845158 
89 0.13844368022845158 
90 0.13844368022845158 
91 0.13844368022845158 
92 0.13844368022845158 
93 0.13844368022845158 
94 0.13844368022845158 
95 0.13844368022845158 
96 0.13844368022845158 
97 0.13844368022845158 
98 0.13844368022845158 
99 0.13844368022845158 
100 0.13844368022845158 
101 0.13844368022845158 
102 0.13844368022845158 
103 0.13844368022845158 
104 0.13844368022845158 
105 0.13844368022845158 
106 0.13844368022845158 
107 0.134318939401153 
108 0.134318939401153 
109 0.134318939401153 
110 0.134318939401153 
111 0.134318939401153 
112 0.134318939401153 
113 0.134318939401153 
114 0.134318939401153 
115 0.134318939401153 
116 0.134318939401153 
117 0.1291338680382682 
118 0.1248898810195269 
119 0.1205572395023158 
120 0.1205572395023158 
121 0.11506349847903384 
122 0.11506349847903384 
123 0.1080443554099632 
124 0.1080443554099632 
125 0.1080443554099632 
126 0.10122231628903497 
127 0.10122231628903497 
128 0.09951979106997451 
129 0.09122271695507984 
130 0.09122271695507984 
131 0.09122271695507984 
132 0.09122271695507984 
133 0.09122271695507984 
134 0.09122271695507984 
135 0.09122271695507984 
136 0.09122271695507984 
137 0.09122271695507984 
138 0.09122271695507984 
139 0.09122271695507984 
140 0.09122271695507984 
141 0.09122271695507984 
142 0.09122271695507984 
143 0.09122271695507984 
144 0.09122271695507984 
145 0.09122271695507984 
146 0.09122271695507984 
147 0.09122271695507984 
148 0.09122271695507984 
149 0.08882359800838105 
150 0.08882359800838105 
151 0.08882359800838105 
152 0.08882359800838105 
153 0.08882359800838105 
154 0.08882359800838105 
155 0.08882359800838105 
156 0.08882359800838105 
157 0.08882359800838105 
158 0.08882359800838105 
159 0.08882359800838105 
160 0.08882359800838105 
161 0.08882359800838105 
162 0.08882359800838105 
163 0.08882359800838105 
164 0.08882359800838105 
165 0.08882359800838105 
166 0.08882359800838105 
167 0.08882359800838105 
168 0.08882359800838105 
169 0.08882359800838105 
170 0.08882359800838105 
171 0.08882359800838105 
172 0.08882359800838105 
173 0.08882359800838105 
174 0.08882359800838105 
175 0.08882359800838105 
176 0.08882359800838105 
177 0.08882359800838105 
178 0.08882359800838105 
179 0.08882359800838105 
180 0.08882359800838105 
181 0.08882359800838105 
182 0.0884395709187305 
183 0.0884395709187305 
184 0.0884395709187305 
185 0.0884395709187305 
186 0.0884395709187305 
187 0.0884395709187305 
188 0.0884395709187305 
189 0.0884395709187305 
190 0.0884395709187305 
191 0.0884395709187305 
192 0.0884395709187305 
193 0.0884395709187305 
194 0.08662092241481201 
195 0.08662092241481201 
196 0.08662092241481201 
197 0.08479441607363553 
198 0.08288942530226993 
199 0.08288942530226993 
200 0.08288942530226993 
201 0.08288942530226993 
202 0.08288942530226993 
203 0.08288942530226993 
204 0.08288942530226993 
205 0.08225706336544689 
206 0.08225706336544689 
207 0.08225706336544689 
208 0.08043403840728902 
209 0.08043403840728902 
210 0.07408837654815784 
211 0.0699919635472402 
212 0.0699919635472402 
213 0.0699919635472402 
214 0.0699919635472402 
215 0.0699919635472402 
216 0.0699919635472402 
217 0.0699919635472402 
218 0.0699919635472402 
219 0.0699919635472402 
220 0.067858241950566 
221 0.067858241950566 
222 0.05980353937105431 
223 0.05980353937105431 
224 0.05980353937105431 
225 0.05980353937105431 
226 0.05980353937105431 
227 0.05980353937105431 
228 0.05980353937105431 
229 0.05980353937105431 
230 0.05980353937105431 
231 0.05980353937105431 
232 0.05980353937105431 
233 0.05980353937105431 
234 0.05980353937105431 
235 0.05980353937105431 
236 0.05980353937105431 
237 0.05980353937105431 
238 0.05980353937105431 
239 0.05980353937105431 
240 0.05980353937105431 
241 0.05980353937105431 
242 0.05980353937105431 
243 0.05980353937105431 
244 0.05980353937105431 
245 0.05980353937105431 
246 0.05980353937105431 
247 0.05980353937105431 
248 0.05980353937105431 
249 0.05980353937105431 
250 0.05980353937105431 
251 0.05980353937105431 
252 0.05980353937105431 
253 0.05980353937105431 
254 0.05980353937105431 
255 0.05980353937105431 
256 0.05980353937105431 
257 0.05980353937105431 
258 0.05980353937105431 
259 0.05980353937105431 
260 0.05980353937105431 
261 0.05980353937105431 
262 0.05980353937105431 
263 0.05980353937105431 
264 0.05980353937105431 
265 0.05980353937105431 
266 0.05980353937105431 
267 0.05980353937105431 
268 0.05980353937105431 
269 0.05980353937105431 
270 0.05980353937105431 
271 0.05980353937105431 
272 0.05980353937105431 
273 0.05980353937105431 
274 0.05980353937105431 
275 0.05980353937105431 
276 0.05980353937105431 
277 0.05980353937105431 
278 0.05980353937105431 
279 0.05980353937105431 
280 0.05980353937105431 
281 0.05980353937105431 
282 0.05980353937105431 
283 0.05980353937105431 
284 0.05980353937105431 
285 0.05980353937105431 
286 0.05980353937105431 
287 0.05980353937105431 
288 0.05980353937105431 
289 0.05980353937105431 
290 0.05980353937105431 
291 0.05980353937105431 
292 0.05980353937105431 
293 0.05980353937105431 
294 0.05980353937105431 
295 0.05980353937105431 
296 0.05980353937105431 
297 0.05980353937105431 
298 0.05980353937105431 
299 0.05980353937105431 
300 0.05980353937105431 
301 0.05980353937105431 
302 0.05980353937105431 
303 0.05980353937105431 
304 0.05980353937105431 
305 0.05980353937105431 
306 0.05682195874351337 
307 0.05682195874351337 
308 0.05682195874351337 
309 0.05682195874351337 
310 0.05682195874351337 
311 0.05662564770072369 
312 0.05609450731664862 
313 0.05609450731664862 
314 0.05444919120786804 
315 0.05086689197308642 
316 0.05086689197308642 
317 0.05086689197308642 
318 0.05086689197308642 
319 0.05086689197308642 
320 0.05086689197308642 
321 0.05086689197308642 
322 0.05086689197308642 
323 0.05086689197308642 
324 0.05086689197308642 
325 0.05086689197308642 
326 0.05086689197308642 
327 0.05086689197308642 
328 0.05086689197308642 
329 0.05086689197308642 
330 0.05086689197308642 
331 0.04363948575079875 
332 0.04363948575079875 
333 0.04363948575079875 
334 0.04363948575079875 
335 0.04363948575079875 
336 0.04363948575079875 
337 0.04363948575079875 
338 0.04363948575079875 
339 0.04363948575079875 
340 0.04363948575079875 
341 0.04363948575079875 
342 0.04363948575079875 
343 0.04363948575079875 
344 0.04363948575079875 
345 0.04363948575079875 
346 0.04363948575079875 
347 0.04363948575079875 
348 0.04363948575079875 
349 0.04363948575079875 
350 0.04363948575079875 
351 0.04363948575079875 
352 0.04363948575079875 
353 0.04363948575079875 
354 0.04363948575079875 
355 0.04363948575079875 
356 0.04363948575079875 
357 0.04363948575079875 
358 0.04363948575079875 
359 0.04363948575079875 
360 0.04363948575079875 
361 0.04363948575079875 
362 0.04363948575079875 
363 0.04363948575079875 
364 0.04363948575079875 
365 0.04363948575079875 
366 0.04363948575079875 
367 0.04363948575079875 
368 0.04363948575079875 
369 0.04363948575079875 
370 0.04363948575079875 
371 0.04363948575079875 
372 0.04363948575079875 
373 0.04363948575079875 
374 0.04363948575079875 
375 0.04363948575079875 
376 0.04363948575079875 
377 0.04363948575079875 
378 0.04363948575079875 
379 0.04363948575079875 
380 0.0409926748422361 
381 0.0409926748422361 
382 0.0409926748422361 
383 0.0409926748422361 
384 0.0409926748422361 
385 0.0409926748422361 
386 0.0409926748422361 
387 0.0409926748422361 
388 0.0409926748422361 
389 0.0409926748422361 
390 0.0409926748422361 
391 0.03786708539333625 
392 0.03786708539333625 
393 0.03786708539333625 
394 0.03786708539333625 
395 0.03451896670936445 
396 0.03263683909426819 
397 0.03263683909426819 
398 0.03263683909426819 
399 0.030122192419435558 
400 0.030122192419435558 
401 0.024406129921579936 
402 0.024406129921579936 
403 0.024406129921579936 
404 0.024406129921579936 
405 0.024406129921579936 
406 0.024406129921579936 
407 0.024406129921579936 
408 0.024406129921579936 
409 0.024406129921579936 
410 0.024406129921579936 
411 0.024406129921579936 
412 0.024406129921579936 
413 0.024406129921579936 
414 0.024406129921579936 
415 0.024406129921579936 
416 0.024406129921579936 
417 0.02376957535690731 
418 0.016751882521718633 
419 0.015028918876726898 
420 0.015028918876726898 
421 0.015028918876726898 
422 0.015028918876726898 
423 0.015028918876726898 
424 0.015028918876726898 
425 0.015028918876726898 
426 0.015028918876726898 
427 0.014799974319255537 
428 0.014799974319255537 
429 0.014799974319255537 
430 0.014799974319255537 
431 0.014799974319255537 
432 0.014799974319255537 
433 0.014799974319255537 
434 0.014799974319255537 
435 0.014799974319255537 
436 0.014799974319255537 
437 0.014799974319255537 
438 0.014799974319255537 
439 0.014799974319255537 
440 0.014799974319255537 
441 0.014799974319255537 
442 0.014799974319255537 
443 0.014799974319255537 
444 0.014799974319255537 
445 0.014799974319255537 
446 0.014799974319255537 
447 0.014799974319255537 
448 0.014799974319255537 
449 0.014799974319255537 
450 0.014799974319255537 
451 0.014799974319255537 
452 0.014799974319255537 
453 0.014799974319255537 
454 0.014799974319255537 
455 0.014799974319255537 
456 0.014799974319255537 
457 0.014799974319255537 
458 0.014799974319255537 
459 0.014799974319255537 
460 0.014799974319255537 
461 0.014799974319255537 
462 0.014799974319255537 
463 0.014799974319255537 
464 0.014799974319255537 
465 0.014799974319255537 
466 0.014799974319255537 
467 0.014799974319255537 
468 0.014799974319255537 
469 0.014799974319255537 
470 0.014799974319255537 
471 0.014799974319255537 
472 0.014799974319255537 
473 0.014799974319255537 
474 0.014799974319255537 
475 0.014799974319255537 
476 0.014799974319255537 
477 0.014799974319255537 
478 0.014799974319255537 
479 0.014799974319255537 
480 0.014799974319255537 
481 0.014799974319255537 
482 0.014799974319255537 
483 0.014799974319255537 
484 0.014799974319255537 
485 0.014799974319255537 
486 0.014799974319255537 
487 0.014799974319255537 
488 0.014799974319255537 
489 0.014799974319255537 
490 0.014799974319255537 
491 0.014799974319255537 
492 0.014799974319255537 
493 0.014799974319255537 
494 0.014799974319255537 
495 0.014799974319255537 
496 0.014799974319255537 
497 0.014799974319255537 
498 0.014799974319255537 
499 0.014799974319255537 
500 0.014799974319255537 
501 0.014799974319255537 
502 0.014799974319255537 
503 0.014799974319255537 
504 0.014799974319255537 
505 0.014799974319255537 
506 0.014799974319255537 
507 0.014799974319255537 
508 0.014799974319255537 
509 0.014799974319255537 
510 0.014799974319255537 
511 0.014799974319255537 
512 0.014799974319255537 
513 0.014799974319255537 
514 0.014799974319255537 
515 0.014799974319255537 
516 0.014799974319255537 
517 0.014799974319255537 
518 0.014799974319255537 
519 0.014799974319255537 
520 0.014799974319255537 
521 0.014799974319255537 
522 0.014799974319255537 
523 0.014799974319255537 
524 0.014799974319255537 
525 0.014799974319255537 
526 0.014799974319255537 
527 0.014799974319255537 
528 0.014799974319255537 
529 0.014799974319255537 
530 0.014799974319255537 
531 0.014799974319255537 
532 0.014799974319255537 
533 0.014799974319255537 
534 0.014799974319255537 
535 0.014799974319255537 
536 0.014799974319255537 
537 0.014799974319255537 
538 0.014799974319255537 
539 0.014799974319255537 
540 0.014799974319255537 
541 0.014799974319255537 
542 0.014799974319255537 
543 0.014799974319255537 
544 0.014799974319255537 
545 0.014799974319255537 
546 0.014799974319255537 
547 0.014799974319255537 
548 0.014799974319255537 
549 0.014799974319255537 
550 0.014799974319255537 
551 0.014799974319255537 
552 0.014799974319255537 
553 0.014799974319255537 
554 0.014535880504166552 
555 0.014535880504166552 
556 0.014456288254619337 
557 0.014456288254619337 
558 0.014456288254619337 
559 0.014456288254619337 
560 0.014456288254619337 
561 0.014456288254619337 
562 0.014456288254619337 
563 0.012898773590122476 
564 0.012898773590122476 
565 0.012898773590122476 
566 0.012898773590122476 
567 0.012898773590122476 
568 0.012898773590122476 
569 0.012898773590122476 
570 0.012898773590122476 
571 0.012898773590122476 
572 0.012898773590122476 
573 0.012898773590122476 
574 0.012898773590122476 
575 0.012898773590122476 
576 0.012898773590122476 
577 0.012898773590122476 
578 0.012898773590122476 
579 0.012898773590122476 
580 0.012898773590122476 
581 0.012898773590122476 
582 0.012420551676602352 
583 0.012420551676602352 
584 0.012420551676602352 
585 0.012420551676602352 
586 0.012420551676602352 
587 0.012420551676602352 
588 0.012420551676602352 
589 0.012420551676602352 
590 0.012420551676602352 
591 0.012420551676602352 
592 0.012420551676602352 
593 0.012420551676602352 
594 0.012420551676602352 
595 0.012420551676602352 
596 0.012420551676602352 
597 0.012420551676602352 
598 0.012420551676602352 
599 0.012420551676602352 
600 0.012420551676602352 
601 0.012420551676602352 
602 0.012420551676602352 
603 0.012420551676602352 
604 0.012420551676602352 
605 0.012420551676602352 
606 0.012420551676602352 
607 0.012420551676602352 
608 0.012420551676602352 
609 0.012420551676602352 
610 0.012420551676602352 
611 0.012420551676602352 
612 0.012420551676602352 
613 0.012420551676602352 
614 0.012420551676602352 
615 0.012420551676602352 
616 0.012420551676602352 
617 0.012420551676602352 
618 0.012420551676602352 
619 0.012420551676602352 
620 0.00990865646688578 
621 0.00990865646688578 
622 0.00990865646688578 
623 0.00990865646688578 
624 0.00990865646688578 
625 0.00990865646688578 
626 0.00990865646688578 
627 0.00990865646688578 
628 0.00990865646688578 
629 0.00990865646688578 
630 0.00990865646688578 
631 0.009809971861266632 
632 0.009436333764540129 
633 0.009147761044384537 
634 0.008917060836927414 
635 0.008589204938109598 
636 0.008589204938109598 
637 0.00852245897846906 
638 0.00826563071874128 
639 0.008070606652918238 
640 0.007892733641557093 
641 0.007717003566922908 
642 0.007544777975470409 
643 0.007381762775361624 
644 0.007232608718210167 
645 0.007099094825128539 
646 0.006980742696620534 
647 0.006875970908713138 
648 0.00678298315295326 
649 0.0067002999281439764 
650 0.006626429702526966 
651 0.0065592276660652645 
652 0.006496175294547372 
653 0.006434623167185924 
654 0.0063723420759633324 
655 0.006309715856116808 
656 0.006249580197127253 
657 0.0061935222909129 
658 0.0061358481437192094 
659 0.006081013251740854 
660 0.006011554099258607 
661 0.005954613038648805 
662 0.00588147402944277 
663 0.005815783695849963 
664 0.005751355780955516 
665 0.005686994080887284 
666 0.005624213525497558 
667 0.005564351918459464 
668 0.005508744309490282 
669 0.005459947096271416 
670 0.0054234881788674475 
671 0.005412516654180286 
672 0.005412516654180286 
673 0.005412516654180286 
674 0.0053653175493312425 
675 0.005199990316965095 
676 0.005047168721530899 
677 0.005028172586956464 
678 0.004828235183292547 
679 0.004828235183292547 
680 0.0048016485834762295 
681 0.004657739381753261 
682 0.004437739829758952 
683 0.004394407602144907 
684 0.004264601726492583 
685 0.004264601726492583 
686 0.004264601726492583 
687 0.004264601726492583 
688 0.004264601726492583 
689 0.004264601726492583 
690 0.004264601726492583 
691 0.004264601726492583 
692 0.004264601726492583 
693 0.004264601726492583 
694 0.004264601726492583 
695 0.004264601726492583 
696 0.004264601726492583 
697 0.004264601726492583 
698 0.004264601726492583 
699 0.004264601726492583 
700 0.004264601726492583 
701 0.004264601726492583 
702 0.004264601726492583 
703 0.004264601726492583 
704 0.004264601726492583 
705 0.004264601726492583 
706 0.004264601726492583 
707 0.004264601726492583 
708 0.004264601726492583 
709 0.004264601726492583 
710 0.004264601726492583 
711 0.004264601726492583 
712 0.004264601726492583 
713 0.004264601726492583 
714 0.004264601726492583 
715 0.004264601726492583 
716 0.004264601726492583 
717 0.004264601726492583 
718 0.004264601726492583 
719 0.004264601726492583 
720 0.004264601726492583 
721 0.004264601726492583 
722 0.004264601726492583 
723 0.004264601726492583 
724 0.004264601726492583 
725 0.004264601726492583 
726 0.004264601726492583 
727 0.004264601726492583 
728 0.004264601726492583 
729 0.004264601726492583 
730 0.004264601726492583 
731 0.004264601726492583 
732 0.004264601726492583 
733 0.004264601726492583 
734 0.004264601726492583 
735 0.004264601726492583 
736 0.004264601726492583 
737 0.004264601726492583 
738 0.004264601726492583 
739 0.004264601726492583 
740 0.004264601726492583 
741 0.004264601726492583 
742 0.004264601726492583 
743 0.004264601726492583 
744 0.004264601726492583 
745 0.004264601726492583 
746 0.004264601726492583 
747 0.004264601726492583 
748 0.004264601726492583 
749 0.004264601726492583 
750 0.004264601726492583 
751 0.004264601726492583 
752 0.004264601726492583 
753 0.004264601726492583 
754 0.004264601726492583 
755 0.004264601726492583 
756 0.004264601726492583 
757 0.004264601726492583 
758 0.004264601726492583 
759 0.004264601726492583 
760 0.004264601726492583 
761 0.004264601726492583 
762 0.004264601726492583 
763 0.004264601726492583 
764 0.004264601726492583 
765 0.004264601726492583 
766 0.004264601726492583 
767 0.004264601726492583 
768 0.004264601726492583 
769 0.004264601726492583 
770 0.004264601726492583 
771 0.004264601726492583 
772 0.004264601726492583 
773 0.004264601726492583 
774 0.004264601726492583 
775 0.004264601726492583 
776 0.004264601726492583 
777 0.004264601726492583 
778 0.004264601726492583 
779 0.004264601726492583 
780 0.004264601726492583 
781 0.004264601726492583 
782 0.004264601726492583 
783 0.004264601726492583 
784 0.004264601726492583 
785 0.004264601726492583 
786 0.004264601726492583 
787 0.004264601726492583 
788 0.004264601726492583 
789 0.004264601726492583 
790 0.004264601726492583 
791 0.004264601726492583 
792 0.004264601726492583 
793 0.004264601726492583 
794 0.004264601726492583 
795 0.004264601726492583 
796 0.004264601726492583 
797 0.004264601726492583 
798 0.004264601726492583 
799 0.004264601726492583 
800 0.004264601726492583 
801 0.004264601726492583 
802 0.004264601726492583 
803 0.004264601726492583 
804 0.004264601726492583 
805 0.004264601726492583 
806 0.004264601726492583 
807 0.004264601726492583 
808 0.004229042871750496 
809 0.004025487633954163 
810 0.003816347292588082 
811 0.003604145078090076 
812 0.003392162217681387 
813 0.0031839982026630456 
814 0.0029830899608085776 
815 0.0027923055179617544 
816 0.002613697274507003 
817 0.0024484242603697603 
818 0.0022967833578103605 
819 0.002158293602267792 
820 0.0020318306402399328 
821 0.0019158214801037955 
822 0.0018084746204454758 
823 0.0017079995612087498 
824 0.0016127812437530047 
825 0.001521492560339044 
826 0.0014331382502017433 
827 0.0013470342897454592 
828 0.00126274520779707 
829 0.0011800174160836797 
830 0.0010987391776400627 
831 0.001018929437647038 
832 9.407369379993796E-4 
