1 0.2515272586420958 
2 0.2513854924595595 
3 0.251251414164734 
4 0.25112971474964635 
5 0.2510139307601029 
6 0.25089046420985245 
7 0.2507418400068829 
8 0.25054745412853324 
9 0.250267354791975 
10 0.249837460633465 
11 0.24918231531121782 
12 0.24828697114084403 
13 0.24703976585787354 
14 0.24536807201502853 
15 0.24335108373655592 
16 0.24141850707957818 
17 0.23997090393810933 
18 0.2388994766556312 
19 0.23832884893939102 
20 0.23771792795077806 
21 0.23737715447466048 
22 0.23737715447466048 
23 0.23737715447466048 
24 0.23737715447466048 
25 0.23623281985165775 
26 0.23623281985165775 
27 0.23623281985165775 
28 0.23623281985165775 
29 0.23623281985165775 
30 0.2353056705816304 
31 0.23228090354212794 
32 0.23228090354212794 
33 0.23228090354212794 
34 0.23228090354212794 
35 0.23228090354212794 
36 0.23228090354212794 
37 0.23228090354212794 
38 0.23228090354212794 
39 0.23228090354212794 
40 0.22647420350373887 
41 0.22647420350373887 
42 0.22647420350373887 
43 0.22647420350373887 
44 0.22647420350373887 
45 0.2244643234062763 
46 0.2244643234062763 
47 0.2244643234062763 
48 0.22422172430024068 
49 0.22182680765099375 
50 0.2206606035058212 
51 0.2195820679612322 
52 0.21632349730197273 
53 0.21632349730197273 
54 0.21632349730197273 
55 0.21632349730197273 
56 0.21632349730197273 
57 0.21328901866443106 
58 0.21097770464897422 
59 0.21097770464897422 
60 0.20538130978312694 
61 0.20245707414738365 
62 0.19791857695359594 
63 0.19791857695359594 
64 0.1975598582528876 
65 0.1975598582528876 
66 0.1975598582528876 
67 0.1975598582528876 
68 0.19564901111445618 
69 0.18010584230973672 
70 0.18010584230973672 
71 0.17731862644407925 
72 0.17731862644407925 
73 0.17731862644407925 
74 0.17731862644407925 
75 0.17731862644407925 
76 0.17731862644407925 
77 0.17731862644407925 
78 0.17731862644407925 
79 0.17731862644407925 
80 0.17731862644407925 
81 0.17731862644407925 
82 0.17731862644407925 
83 0.17731862644407925 
84 0.17731862644407925 
85 0.17731862644407925 
86 0.17731862644407925 
87 0.17731862644407925 
88 0.17731862644407925 
89 0.17731862644407925 
90 0.17708500825916884 
91 0.17708500825916884 
92 0.17708500825916884 
93 0.17708500825916884 
94 0.17708500825916884 
95 0.17708500825916884 
96 0.17708500825916884 
97 0.17708500825916884 
98 0.17708500825916884 
99 0.17708500825916884 
100 0.17708500825916884 
101 0.17708500825916884 
102 0.17708500825916884 
103 0.17535151239706748 
104 0.17535151239706748 
105 0.17482362305625437 
106 0.17482362305625437 
107 0.17482362305625437 
108 0.17482362305625437 
109 0.17482362305625437 
110 0.16084685783811506 
111 0.15159217292103122 
112 0.15159217292103122 
113 0.15159217292103122 
114 0.15159217292103122 
115 0.15159217292103122 
116 0.15159217292103122 
117 0.1489570862991162 
118 0.11882821035508792 
119 0.11882821035508792 
120 0.11882821035508792 
121 0.11882821035508792 
122 0.11838020399921018 
123 0.11838020399921018 
124 0.11838020399921018 
125 0.11838020399921018 
126 0.11838020399921018 
127 0.11838020399921018 
128 0.11838020399921018 
129 0.11838020399921018 
130 0.11838020399921018 
131 0.11838020399921018 
132 0.11838020399921018 
133 0.11838020399921018 
134 0.11838020399921018 
135 0.11838020399921018 
136 0.11838020399921018 
137 0.1086322384725467 
138 0.1086322384725467 
139 0.1086322384725467 
140 0.1086322384725467 
141 0.1086322384725467 
142 0.1086322384725467 
143 0.1086322384725467 
144 0.1086322384725467 
145 0.1086322384725467 
146 0.1086322384725467 
147 0.1086322384725467 
148 0.1086322384725467 
149 0.1086322384725467 
150 0.1086322384725467 
151 0.1086322384725467 
152 0.1086322384725467 
153 0.10593165170582158 
154 0.10467321553684998 
155 0.10467321553684998 
156 0.10467321553684998 
157 0.10467321553684998 
158 0.10467321553684998 
159 0.10467321553684998 
160 0.10467321553684998 
161 0.10467321553684998 
162 0.10467321553684998 
163 0.10467321553684998 
164 0.10467321553684998 
165 0.10467321553684998 
166 0.10212115990896793 
167 0.10212115990896793 
168 0.10212115990896793 
169 0.10212115990896793 
170 0.10138708688335857 
171 0.1012595566496951 
172 0.1012595566496951 
173 0.1012595566496951 
174 0.1007126381752975 
175 0.1007126381752975 
176 0.1007126381752975 
177 0.1007126381752975 
178 0.1007126381752975 
179 0.1007126381752975 
180 0.1007126381752975 
181 0.1007126381752975 
182 0.1007126381752975 
183 0.1007126381752975 
184 0.1007126381752975 
185 0.1007126381752975 
186 0.1007126381752975 
187 0.1007126381752975 
188 0.1007126381752975 
189 0.1007126381752975 
190 0.09702707114173871 
191 0.09702707114173871 
192 0.09702707114173871 
193 0.09702707114173871 
194 0.09702707114173871 
195 0.07970190876074856 
196 0.07970190876074856 
197 0.07970190876074856 
198 0.07970190876074856 
199 0.07970190876074856 
200 0.07970190876074856 
201 0.07970190876074856 
202 0.07970190876074856 
203 0.07970190876074856 
204 0.07970190876074856 
205 0.07970190876074856 
206 0.07970190876074856 
207 0.07970190876074856 
208 0.07970190876074856 
209 0.07970190876074856 
210 0.07970190876074856 
211 0.07970190876074856 
212 0.07970190876074856 
213 0.07970190876074856 
214 0.07970190876074856 
215 0.07970190876074856 
216 0.07970190876074856 
217 0.07970190876074856 
218 0.07503751278031781 
219 0.07503751278031781 
220 0.07503751278031781 
221 0.07503751278031781 
222 0.07503751278031781 
223 0.07503751278031781 
224 0.07503751278031781 
225 0.07503751278031781 
226 0.06851765106831298 
227 0.06851765106831298 
228 0.06851765106831298 
229 0.06851765106831298 
230 0.06851765106831298 
231 0.06851765106831298 
232 0.06851765106831298 
233 0.06851765106831298 
234 0.06851765106831298 
235 0.06851765106831298 
236 0.06851765106831298 
237 0.06851765106831298 
238 0.06851765106831298 
239 0.06851765106831298 
240 0.06851765106831298 
241 0.06851765106831298 
242 0.06851765106831298 
243 0.06851765106831298 
244 0.06851765106831298 
245 0.06851765106831298 
246 0.06851765106831298 
247 0.06851765106831298 
248 0.06851765106831298 
249 0.06851765106831298 
250 0.06851765106831298 
251 0.06851765106831298 
252 0.06851765106831298 
253 0.06851765106831298 
254 0.06851765106831298 
255 0.06851765106831298 
256 0.06851765106831298 
257 0.06851765106831298 
258 0.06851765106831298 
259 0.06851765106831298 
260 0.065525673994171 
261 0.065525673994171 
262 0.065525673994171 
263 0.06356971646975719 
264 0.06356971646975719 
265 0.06356971646975719 
266 0.05571456586991786 
267 0.05571456586991786 
268 0.05571456586991786 
269 0.05571456586991786 
270 0.05571456586991786 
271 0.05571456586991786 
272 0.05571456586991786 
273 0.05571456586991786 
274 0.05571456586991786 
275 0.05571456586991786 
276 0.05571456586991786 
277 0.05571456586991786 
278 0.05571456586991786 
279 0.05571456586991786 
280 0.05571456586991786 
281 0.05571456586991786 
282 0.05571456586991786 
283 0.05571456586991786 
284 0.05571456586991786 
285 0.05571456586991786 
286 0.05571456586991786 
287 0.05571456586991786 
288 0.05571456586991786 
289 0.05571456586991786 
290 0.05571456586991786 
291 0.05571456586991786 
292 0.05571456586991786 
293 0.05571456586991786 
294 0.05571456586991786 
295 0.05571456586991786 
296 0.05571456586991786 
297 0.05571456586991786 
298 0.05571456586991786 
299 0.05571456586991786 
300 0.05571456586991786 
301 0.05571456586991786 
302 0.05571456586991786 
303 0.05571456586991786 
304 0.05571456586991786 
305 0.05571456586991786 
306 0.05571456586991786 
307 0.05571456586991786 
308 0.05571456586991786 
309 0.05571456586991786 
310 0.054532309143408515 
311 0.054532309143408515 
312 0.054532309143408515 
313 0.054532309143408515 
314 0.054532309143408515 
315 0.054532309143408515 
316 0.054532309143408515 
317 0.054532309143408515 
318 0.053000115482166765 
319 0.053000115482166765 
320 0.053000115482166765 
321 0.053000115482166765 
322 0.053000115482166765 
323 0.053000115482166765 
324 0.053000115482166765 
325 0.053000115482166765 
326 0.053000115482166765 
327 0.053000115482166765 
328 0.053000115482166765 
329 0.053000115482166765 
330 0.053000115482166765 
331 0.053000115482166765 
332 0.053000115482166765 
333 0.053000115482166765 
334 0.053000115482166765 
335 0.053000115482166765 
336 0.053000115482166765 
337 0.053000115482166765 
338 0.053000115482166765 
339 0.053000115482166765 
340 0.053000115482166765 
341 0.053000115482166765 
342 0.053000115482166765 
343 0.053000115482166765 
344 0.053000115482166765 
345 0.049855572564879186 
346 0.04034265874284507 
347 0.04034265874284507 
348 0.04034265874284507 
349 0.04034265874284507 
350 0.04034265874284507 
351 0.04034265874284507 
352 0.03800409258723917 
353 0.03800409258723917 
354 0.03800409258723917 
355 0.03800409258723917 
356 0.03485104975353949 
357 0.03485104975353949 
358 0.03485104975353949 
359 0.03485104975353949 
360 0.03485104975353949 
361 0.031808763631298614 
362 0.031808763631298614 
363 0.031808763631298614 
364 0.031808763631298614 
365 0.031808763631298614 
366 0.031808763631298614 
367 0.031808763631298614 
368 0.031808763631298614 
369 0.031808763631298614 
370 0.031808763631298614 
371 0.031808763631298614 
372 0.031808763631298614 
373 0.031808763631298614 
374 0.031808763631298614 
375 0.031808763631298614 
376 0.031808763631298614 
377 0.031808763631298614 
378 0.031808763631298614 
379 0.031808763631298614 
380 0.031808763631298614 
381 0.031808763631298614 
382 0.031808763631298614 
383 0.031808763631298614 
384 0.031808763631298614 
385 0.031808763631298614 
386 0.031808763631298614 
387 0.031808763631298614 
388 0.02774677827782298 
389 0.02774677827782298 
390 0.02774677827782298 
391 0.02774677827782298 
392 0.02774677827782298 
393 0.02774677827782298 
394 0.02774677827782298 
395 0.02774677827782298 
396 0.02774677827782298 
397 0.02774677827782298 
398 0.02774677827782298 
399 0.02774677827782298 
400 0.02774677827782298 
401 0.02774677827782298 
402 0.02774677827782298 
403 0.02774677827782298 
404 0.02774677827782298 
405 0.02774677827782298 
406 0.02774677827782298 
407 0.02774677827782298 
408 0.02774677827782298 
409 0.02774677827782298 
410 0.02774677827782298 
411 0.02774677827782298 
412 0.02774677827782298 
413 0.02774677827782298 
414 0.02774677827782298 
415 0.02774677827782298 
416 0.02774677827782298 
417 0.02774677827782298 
418 0.02774677827782298 
419 0.02774677827782298 
420 0.02774677827782298 
421 0.02774677827782298 
422 0.02774677827782298 
423 0.02774677827782298 
424 0.02774677827782298 
425 0.02774677827782298 
426 0.02774677827782298 
427 0.02774677827782298 
428 0.02774677827782298 
429 0.02774677827782298 
430 0.02774677827782298 
431 0.02774677827782298 
432 0.02774677827782298 
433 0.02774677827782298 
434 0.02774677827782298 
435 0.02774677827782298 
436 0.02774677827782298 
437 0.02774677827782298 
438 0.02774677827782298 
439 0.02774677827782298 
440 0.02774677827782298 
441 0.02774677827782298 
442 0.02774677827782298 
443 0.02774677827782298 
444 0.02774677827782298 
445 0.02774677827782298 
446 0.02774677827782298 
447 0.02774677827782298 
448 0.02774677827782298 
449 0.02774677827782298 
450 0.02774677827782298 
451 0.02774677827782298 
452 0.024018433727744214 
453 0.022353106176134056 
454 0.022353106176134056 
455 0.022353106176134056 
456 0.022353106176134056 
457 0.022353106176134056 
458 0.022353106176134056 
459 0.020465504314566958 
460 0.020465504314566958 
461 0.020465504314566958 
462 0.020465504314566958 
463 0.020465504314566958 
464 0.020465504314566958 
465 0.020465504314566958 
466 0.020465504314566958 
467 0.020465504314566958 
468 0.019471272602199035 
469 0.019471272602199035 
470 0.019471272602199035 
471 0.019471272602199035 
472 0.019471272602199035 
473 0.019471272602199035 
474 0.019471272602199035 
475 0.019471272602199035 
476 0.019471272602199035 
477 0.019471272602199035 
478 0.019471272602199035 
479 0.019471272602199035 
480 0.019471272602199035 
481 0.019471272602199035 
482 0.019471272602199035 
483 0.019471272602199035 
484 0.019471272602199035 
485 0.019471272602199035 
486 0.019471272602199035 
487 0.019471272602199035 
488 0.019471272602199035 
489 0.019471272602199035 
490 0.019471272602199035 
491 0.019471272602199035 
492 0.019471272602199035 
493 0.019471272602199035 
494 0.019471272602199035 
495 0.019471272602199035 
496 0.019471272602199035 
497 0.019471272602199035 
498 0.019471272602199035 
499 0.019471272602199035 
500 0.019471272602199035 
501 0.019471272602199035 
502 0.019471272602199035 
503 0.019471272602199035 
504 0.019471272602199035 
505 0.019471272602199035 
506 0.019471272602199035 
507 0.019471272602199035 
508 0.019471272602199035 
509 0.019471272602199035 
510 0.019471272602199035 
511 0.019471272602199035 
512 0.019471272602199035 
513 0.019471272602199035 
514 0.019471272602199035 
515 0.019471272602199035 
516 0.019471272602199035 
517 0.019471272602199035 
518 0.019471272602199035 
519 0.019471272602199035 
520 0.019471272602199035 
521 0.019471272602199035 
522 0.019471272602199035 
523 0.019471272602199035 
524 0.019471272602199035 
525 0.016610856355633075 
526 0.01573549480780689 
527 0.01573549480780689 
528 0.01573549480780689 
529 0.01573549480780689 
530 0.01573549480780689 
531 0.01573549480780689 
532 0.01573549480780689 
533 0.01573549480780689 
534 0.01573549480780689 
535 0.01573549480780689 
536 0.01569693271049983 
537 0.014388232276307082 
538 0.014388232276307082 
539 0.014388232276307082 
540 0.014388232276307082 
541 0.014388232276307082 
542 0.014388232276307082 
543 0.014388232276307082 
544 0.014388232276307082 
545 0.014388232276307082 
546 0.014388232276307082 
547 0.014388232276307082 
548 0.014388232276307082 
549 0.014388232276307082 
550 0.014388232276307082 
551 0.014388232276307082 
552 0.014388232276307082 
553 0.014388232276307082 
554 0.013769944900379765 
555 0.013000423294299204 
556 0.013000423294299204 
557 0.011594030466142166 
558 0.011594030466142166 
559 0.010273452828727174 
560 0.010273452828727174 
561 0.009422663045347668 
562 0.008843315148330134 
563 0.008843315148330134 
564 0.008843315148330134 
565 0.008843315148330134 
566 0.008843315148330134 
567 0.008843315148330134 
568 0.008843315148330134 
569 0.008843315148330134 
570 0.008843315148330134 
571 0.008843315148330134 
572 0.008843315148330134 
573 0.008843315148330134 
574 0.008843315148330134 
575 0.008843315148330134 
576 0.008843315148330134 
577 0.008843315148330134 
578 0.008843315148330134 
579 0.008843315148330134 
580 0.008843315148330134 
581 0.008843315148330134 
582 0.008843315148330134 
583 0.008843315148330134 
584 0.008843315148330134 
585 0.008843315148330134 
586 0.008843315148330134 
587 0.008843315148330134 
588 0.008843315148330134 
589 0.008843315148330134 
590 0.008843315148330134 
591 0.008843315148330134 
592 0.008843315148330134 
593 0.008843315148330134 
594 0.008843315148330134 
595 0.008843315148330134 
596 0.008843315148330134 
597 0.008843315148330134 
598 0.008843315148330134 
599 0.008843315148330134 
600 0.008843315148330134 
601 0.008843315148330134 
602 0.008843315148330134 
603 0.008843315148330134 
604 0.008843315148330134 
605 0.008843315148330134 
606 0.008843315148330134 
607 0.008843315148330134 
608 0.008843315148330134 
609 0.008843315148330134 
610 0.008832149821422377 
611 0.008832149821422377 
612 0.008832149821422377 
613 0.008832149821422377 
614 0.008832149821422377 
615 0.008832149821422377 
616 0.008832149821422377 
617 0.008832149821422377 
618 0.008832149821422377 
619 0.008832149821422377 
620 0.008832149821422377 
621 0.008832149821422377 
622 0.008832149821422377 
623 0.008832149821422377 
624 0.008832149821422377 
625 0.008832149821422377 
626 0.008832149821422377 
627 0.008832149821422377 
628 0.008832149821422377 
629 0.008832149821422377 
630 0.008832149821422377 
631 0.008832149821422377 
632 0.008532161301618716 
633 0.008532161301618716 
634 0.008532161301618716 
635 0.008532161301618716 
636 0.008532161301618716 
637 0.008532161301618716 
638 0.008532161301618716 
639 0.008532161301618716 
640 0.008532161301618716 
641 0.0063661006341990106 
642 0.005954097171229798 
643 0.005954097171229798 
644 0.005954097171229798 
645 0.005954097171229798 
646 0.005258075592693575 
647 0.005258075592693575 
648 0.005258075592693575 
649 0.005258075592693575 
650 0.005258075592693575 
651 0.005258075592693575 
652 0.005258075592693575 
653 0.005258075592693575 
654 0.005258075592693575 
655 0.005258075592693575 
656 0.005258075592693575 
657 0.005258075592693575 
658 0.005258075592693575 
659 0.005258075592693575 
660 0.005258075592693575 
661 0.005258075592693575 
662 0.005258075592693575 
663 0.005258075592693575 
664 0.005258075592693575 
665 0.005258075592693575 
666 0.005258075592693575 
667 0.005258075592693575 
668 0.005258075592693575 
669 0.005258075592693575 
670 0.005258075592693575 
671 0.005258075592693575 
672 0.005258075592693575 
673 0.005258075592693575 
674 0.005258075592693575 
675 0.005258075592693575 
676 0.005258075592693575 
677 0.005258075592693575 
678 0.005258075592693575 
679 0.005258075592693575 
680 0.005258075592693575 
681 0.005258075592693575 
682 0.005258075592693575 
683 0.005258075592693575 
684 0.005258075592693575 
685 0.005258075592693575 
686 0.005258075592693575 
687 0.005258075592693575 
688 0.005258075592693575 
689 0.005258075592693575 
690 0.005258075592693575 
691 0.005258075592693575 
692 0.005258075592693575 
693 0.005258075592693575 
694 0.005258075592693575 
695 0.005258075592693575 
696 0.005258075592693575 
697 0.005258075592693575 
698 0.005258075592693575 
699 0.005258075592693575 
700 0.005258075592693575 
701 0.005258075592693575 
702 0.005258075592693575 
703 0.005258075592693575 
704 0.005258075592693575 
705 0.005258075592693575 
706 0.005258075592693575 
707 0.005258075592693575 
708 0.005258075592693575 
709 0.005258075592693575 
710 0.005258075592693575 
711 0.005258075592693575 
712 0.005258075592693575 
713 0.005258075592693575 
714 0.005258075592693575 
715 0.005258075592693575 
716 0.005258075592693575 
717 0.005258075592693575 
718 0.005258075592693575 
719 0.005258075592693575 
720 0.005258075592693575 
721 0.005258075592693575 
722 0.005258075592693575 
723 0.005258075592693575 
724 0.005258075592693575 
725 0.005258075592693575 
726 0.005258075592693575 
727 0.005258075592693575 
728 0.005258075592693575 
729 0.005258075592693575 
730 0.005258075592693575 
731 0.005258075592693575 
732 0.005258075592693575 
733 0.005258075592693575 
734 0.005258075592693575 
735 0.005258075592693575 
736 0.005258075592693575 
737 0.005258075592693575 
738 0.005258075592693575 
739 0.005258075592693575 
740 0.005258075592693575 
741 0.005258075592693575 
742 0.005258075592693575 
743 0.005258075592693575 
744 0.005258075592693575 
745 0.005258075592693575 
746 0.005258075592693575 
747 0.005258075592693575 
748 0.005258075592693575 
749 0.005258075592693575 
750 0.005258075592693575 
751 0.005258075592693575 
752 0.005258075592693575 
753 0.005258075592693575 
754 0.005258075592693575 
755 0.005258075592693575 
756 0.005258075592693575 
757 0.005258075592693575 
758 0.005258075592693575 
759 0.005258075592693575 
760 0.005258075592693575 
761 0.005258075592693575 
762 0.005258075592693575 
763 0.005258075592693575 
764 0.005258075592693575 
765 0.005258075592693575 
766 0.005258075592693575 
767 0.005258075592693575 
768 0.005258075592693575 
769 0.005258075592693575 
770 0.005258075592693575 
771 0.005258075592693575 
772 0.005258075592693575 
773 0.005258075592693575 
774 0.005258075592693575 
775 0.005258075592693575 
776 0.005258075592693575 
777 0.005258075592693575 
778 0.005258075592693575 
779 0.005258075592693575 
780 0.005258075592693575 
781 0.005258075592693575 
782 0.005258075592693575 
783 0.005258075592693575 
784 0.005258075592693575 
785 0.005258075592693575 
786 0.005258075592693575 
787 0.005258075592693575 
788 0.005258075592693575 
789 0.005258075592693575 
790 0.005258075592693575 
791 0.005258075592693575 
792 0.005258075592693575 
793 0.005258075592693575 
794 0.005258075592693575 
795 0.005258075592693575 
796 0.005258075592693575 
797 0.005258075592693575 
798 0.005258075592693575 
799 0.005258075592693575 
800 0.005258075592693575 
801 0.005258075592693575 
802 0.005258075592693575 
803 0.005258075592693575 
804 0.005258075592693575 
805 0.005258075592693575 
806 0.005258075592693575 
807 0.005258075592693575 
808 0.005258075592693575 
809 0.005258075592693575 
810 0.005258075592693575 
811 0.005258075592693575 
812 0.005258075592693575 
813 0.005258075592693575 
814 0.005258075592693575 
815 0.005258075592693575 
816 0.005258075592693575 
817 0.005258075592693575 
818 0.005258075592693575 
819 0.005258075592693575 
820 0.005258075592693575 
821 0.005258075592693575 
822 0.005258075592693575 
823 0.005258075592693575 
824 0.005258075592693575 
825 0.005258075592693575 
826 0.005258075592693575 
827 0.005258075592693575 
828 0.005258075592693575 
829 0.005258075592693575 
830 0.005258075592693575 
831 0.005258075592693575 
832 0.005258075592693575 
833 0.005258075592693575 
834 0.005258075592693575 
835 0.005258075592693575 
836 0.005258075592693575 
837 0.005258075592693575 
838 0.005258075592693575 
839 0.005258075592693575 
840 0.005258075592693575 
841 0.005258075592693575 
842 0.005258075592693575 
843 0.005258075592693575 
844 0.005258075592693575 
845 0.005258075592693575 
846 0.005258075592693575 
847 0.005258075592693575 
848 0.005258075592693575 
849 0.005258075592693575 
850 0.005258075592693575 
851 0.005258075592693575 
852 0.005258075592693575 
853 0.005258075592693575 
854 0.005258075592693575 
855 0.005258075592693575 
856 0.005258075592693575 
857 0.005258075592693575 
858 0.005258075592693575 
859 0.005258075592693575 
860 0.005258075592693575 
861 0.005258075592693575 
862 0.005258075592693575 
863 0.005258075592693575 
864 0.005258075592693575 
865 0.005258075592693575 
866 0.005258075592693575 
867 0.005258075592693575 
868 0.005258075592693575 
869 0.005258075592693575 
870 0.005258075592693575 
871 0.005258075592693575 
872 0.005258075592693575 
873 0.005258075592693575 
874 0.005258075592693575 
875 0.005258075592693575 
876 0.005258075592693575 
877 0.005258075592693575 
878 0.005258075592693575 
879 0.005258075592693575 
880 0.005258075592693575 
881 0.005258075592693575 
882 0.005258075592693575 
883 0.005258075592693575 
884 0.005258075592693575 
885 0.005258075592693575 
886 0.005258075592693575 
887 0.005258075592693575 
888 0.005258075592693575 
889 0.005258075592693575 
890 0.005258075592693575 
891 0.005258075592693575 
892 0.005258075592693575 
893 0.005258075592693575 
894 0.005258075592693575 
895 0.005258075592693575 
896 0.005258075592693575 
897 0.005258075592693575 
898 0.005258075592693575 
899 0.005258075592693575 
900 0.005258075592693575 
901 0.005258075592693575 
902 0.005258075592693575 
903 0.005258075592693575 
904 0.005258075592693575 
905 0.005258075592693575 
906 0.005258075592693575 
907 0.005258075592693575 
908 0.005258075592693575 
909 0.005258075592693575 
910 0.005258075592693575 
911 0.005258075592693575 
912 0.005258075592693575 
913 0.005258075592693575 
914 0.005258075592693575 
915 0.005258075592693575 
916 0.005258075592693575 
917 0.005258075592693575 
918 0.005258075592693575 
919 0.005258075592693575 
920 0.005258075592693575 
921 0.005258075592693575 
922 0.005258075592693575 
923 0.005258075592693575 
924 0.005258075592693575 
925 0.005258075592693575 
926 0.005258075592693575 
927 0.005258075592693575 
928 0.005258075592693575 
929 0.005258075592693575 
930 0.005258075592693575 
931 0.005258075592693575 
932 0.005258075592693575 
933 0.005258075592693575 
934 0.005258075592693575 
935 0.005258075592693575 
936 0.005258075592693575 
937 0.005258075592693575 
938 0.005258075592693575 
939 0.005258075592693575 
940 0.005258075592693575 
941 0.005258075592693575 
942 0.005258075592693575 
943 0.005258075592693575 
944 0.005258075592693575 
945 0.005258075592693575 
946 0.005258075592693575 
947 0.005258075592693575 
948 0.005258075592693575 
949 0.005258075592693575 
950 0.005258075592693575 
951 0.005258075592693575 
952 0.005258075592693575 
953 0.005258075592693575 
954 0.005258075592693575 
955 0.005258075592693575 
956 0.005258075592693575 
957 0.005258075592693575 
958 0.005258075592693575 
959 0.005258075592693575 
960 0.005258075592693575 
961 0.005258075592693575 
962 0.005258075592693575 
963 0.005258075592693575 
964 0.005258075592693575 
965 0.005258075592693575 
966 0.005258075592693575 
967 0.005258075592693575 
968 0.005258075592693575 
969 0.005258075592693575 
970 0.005258075592693575 
971 0.005258075592693575 
972 0.005258075592693575 
973 0.005258075592693575 
974 0.005258075592693575 
975 0.005258075592693575 
976 0.005258075592693575 
977 0.005258075592693575 
978 0.005258075592693575 
979 0.005258075592693575 
980 0.005258075592693575 
981 0.005258075592693575 
982 0.005258075592693575 
983 0.005258075592693575 
984 0.005258075592693575 
985 0.005258075592693575 
986 0.005258075592693575 
987 0.005258075592693575 
988 0.005258075592693575 
989 0.005258075592693575 
990 0.005258075592693575 
991 0.005258075592693575 
992 0.005258075592693575 
993 0.005258075592693575 
994 0.005258075592693575 
995 0.005258075592693575 
996 0.005258075592693575 
997 0.005258075592693575 
998 0.005258075592693575 
999 0.005258075592693575 
1000 0.005258075592693575 
1001 0.005258075592693575 
1002 0.005258075592693575 
1003 0.005258075592693575 
1004 0.005258075592693575 
1005 0.005258075592693575 
1006 0.005258075592693575 
1007 0.005258075592693575 
1008 0.005258075592693575 
1009 0.005258075592693575 
1010 0.005258075592693575 
1011 0.005258075592693575 
1012 0.005258075592693575 
1013 0.005258075592693575 
1014 0.005258075592693575 
1015 0.005258075592693575 
1016 0.005258075592693575 
1017 0.005258075592693575 
1018 0.005258075592693575 
1019 0.005258075592693575 
1020 0.005258075592693575 
1021 0.005258075592693575 
1022 0.005258075592693575 
1023 0.005258075592693575 
1024 0.005258075592693575 
1025 0.005258075592693575 
1026 0.005258075592693575 
1027 0.005258075592693575 
1028 0.005258075592693575 
1029 0.005258075592693575 
1030 0.005258075592693575 
1031 0.005258075592693575 
1032 0.005258075592693575 
1033 0.005258075592693575 
1034 0.005258075592693575 
1035 0.005258075592693575 
1036 0.005258075592693575 
1037 0.005258075592693575 
1038 0.005258075592693575 
1039 0.005258075592693575 
1040 0.005258075592693575 
1041 0.005258075592693575 
1042 0.005258075592693575 
1043 0.005258075592693575 
1044 0.005258075592693575 
1045 0.005258075592693575 
1046 0.005258075592693575 
1047 0.005258075592693575 
1048 0.005258075592693575 
1049 0.005258075592693575 
1050 0.005258075592693575 
1051 0.005258075592693575 
1052 0.005258075592693575 
1053 0.005258075592693575 
1054 0.005258075592693575 
1055 0.005258075592693575 
1056 0.005258075592693575 
1057 0.005258075592693575 
1058 0.005258075592693575 
1059 0.005258075592693575 
1060 0.005258075592693575 
1061 0.005258075592693575 
1062 0.005258075592693575 
1063 0.005258075592693575 
1064 0.005258075592693575 
1065 0.005258075592693575 
1066 0.005258075592693575 
1067 0.005258075592693575 
1068 0.005258075592693575 
1069 0.005258075592693575 
1070 0.005258075592693575 
1071 0.005258075592693575 
1072 0.005258075592693575 
1073 0.005258075592693575 
1074 0.005258075592693575 
1075 0.005258075592693575 
1076 0.005258075592693575 
1077 0.005258075592693575 
1078 0.005258075592693575 
1079 0.005258075592693575 
1080 0.005258075592693575 
1081 0.005258075592693575 
1082 0.005258075592693575 
1083 0.005258075592693575 
1084 0.005258075592693575 
1085 0.005258075592693575 
1086 0.005258075592693575 
1087 0.005258075592693575 
1088 0.005258075592693575 
1089 0.005258075592693575 
1090 0.005258075592693575 
1091 0.005258075592693575 
1092 0.005258075592693575 
1093 0.005258075592693575 
1094 0.005258075592693575 
1095 0.005258075592693575 
1096 0.005258075592693575 
1097 0.005258075592693575 
1098 0.005258075592693575 
1099 0.005258075592693575 
1100 0.005258075592693575 
1101 0.005258075592693575 
1102 0.005258075592693575 
1103 0.005258075592693575 
1104 0.005258075592693575 
1105 0.005258075592693575 
1106 0.005258075592693575 
1107 0.005258075592693575 
1108 0.005258075592693575 
1109 0.005258075592693575 
1110 0.005258075592693575 
1111 0.005258075592693575 
1112 0.005258075592693575 
1113 0.005258075592693575 
1114 0.005258075592693575 
1115 0.005258075592693575 
1116 0.005258075592693575 
1117 0.005258075592693575 
1118 0.005258075592693575 
1119 0.005258075592693575 
1120 0.005258075592693575 
1121 0.005258075592693575 
1122 0.005258075592693575 
1123 0.005258075592693575 
1124 0.005258075592693575 
1125 0.005258075592693575 
1126 0.005258075592693575 
1127 0.005258075592693575 
1128 0.005258075592693575 
1129 0.005258075592693575 
1130 0.005258075592693575 
1131 0.005258075592693575 
1132 0.005258075592693575 
1133 0.0049618174410971565 
1134 0.0049618174410971565 
1135 0.0049618174410971565 
1136 0.0049618174410971565 
1137 0.0049618174410971565 
1138 0.0049618174410971565 
1139 0.0049618174410971565 
1140 0.0049618174410971565 
1141 0.0049618174410971565 
1142 0.0049618174410971565 
1143 0.0049618174410971565 
1144 0.0049618174410971565 
1145 0.0049618174410971565 
1146 0.0049618174410971565 
1147 0.0049618174410971565 
1148 0.0049618174410971565 
1149 0.0049618174410971565 
1150 0.0049618174410971565 
1151 0.0049618174410971565 
1152 0.0049618174410971565 
1153 0.0049618174410971565 
1154 0.0049618174410971565 
1155 0.0049618174410971565 
1156 0.0049618174410971565 
1157 0.0049618174410971565 
1158 0.0049618174410971565 
1159 0.0049618174410971565 
1160 0.0049618174410971565 
1161 0.0049618174410971565 
1162 0.0049618174410971565 
1163 0.0049618174410971565 
1164 0.0049618174410971565 
1165 0.0049618174410971565 
1166 0.0049618174410971565 
1167 0.0049618174410971565 
1168 0.0049618174410971565 
1169 0.0049618174410971565 
1170 0.0049618174410971565 
1171 0.0049618174410971565 
1172 0.0049618174410971565 
1173 0.0049618174410971565 
1174 0.0049618174410971565 
1175 0.0049618174410971565 
1176 0.0049618174410971565 
1177 0.0049618174410971565 
1178 0.0049618174410971565 
1179 0.0049618174410971565 
1180 0.0049618174410971565 
1181 0.0049618174410971565 
1182 0.0049618174410971565 
1183 0.0049618174410971565 
1184 0.0049618174410971565 
1185 0.0049618174410971565 
1186 0.0049618174410971565 
1187 0.0049618174410971565 
1188 0.0049618174410971565 
1189 0.0049618174410971565 
1190 0.0049618174410971565 
1191 0.0049618174410971565 
1192 0.004084178767795718 
1193 0.0032231829596900737 
1194 0.0032231829596900737 
1195 0.0032231829596900737 
1196 0.0032231829596900737 
1197 0.0032231829596900737 
1198 0.00303860533980718 
1199 0.0015210771489511433 
1200 0.0015210771489511433 
1201 9.672805513613052E-5 
