1 0.25118309102621894
2 0.25087231788484554
3 0.2505761653484345
4 0.250369531858258
5 0.25024783624389396
6 0.25017065057703886
7 0.25012173609799115
8 0.2501172752495217
9 0.2501172752495217
10 0.2501172752495217
11 0.2501172752495217
12 0.2501172752495217
13 0.2501172752495217
14 0.2501172752495217
15 0.2501172752495217
16 0.24986724350241676
17 0.24911826043309135
18 0.24752700649774897
19 0.2442413462567036
20 0.2418610582100415
21 0.24120000709414569
22 0.24120000709414569
23 0.24120000709414569
24 0.24106552164303605
25 0.2405262125118654
26 0.2405262125118654
27 0.2405262125118654
28 0.2405262125118654
29 0.2405262125118654
30 0.2405262125118654
31 0.2405262125118654
32 0.2405262125118654
33 0.2405262125118654
34 0.2405262125118654
35 0.2405262125118654
36 0.23718020807678658
37 0.23640114787224298
38 0.23640114787224298
39 0.23548711906182995
40 0.23548711906182995
41 0.23387418208667862
42 0.23387418208667862
43 0.23072229277766132
44 0.23072229277766132
45 0.23072229277766132
46 0.23072229277766132
47 0.22285599008115853
48 0.22285599008115853
49 0.22285599008115853
50 0.22285599008115853
51 0.2181118088843909
52 0.2181118088843909
53 0.2181118088843909
54 0.2181118088843909
55 0.21418303167810981
56 0.20865056826646894
57 0.20865056826646894
58 0.20865056826646894
59 0.20865056826646894
60 0.20865056826646894
61 0.20865056826646894
62 0.20739272482928608
63 0.20739272482928608
64 0.18938919617196973
65 0.18938919617196973
66 0.18938919617196973
67 0.18938919617196973
68 0.18938919617196973
69 0.18938919617196973
70 0.18938919617196973
71 0.18938919617196973
72 0.18938919617196973
73 0.18938919617196973
74 0.18938919617196973
75 0.18938919617196973
76 0.1800138448129579
77 0.1800138448129579
78 0.1800138448129579
79 0.176677240241288
80 0.176677240241288
81 0.176677240241288
82 0.1716375678688012
83 0.1716375678688012
84 0.1716375678688012
85 0.1716375678688012
86 0.1716375678688012
87 0.15692639187662766
88 0.15692639187662766
89 0.15692639187662766
90 0.15692639187662766
91 0.15692639187662766
92 0.15423450245658465
93 0.15423450245658465
94 0.15423450245658465
95 0.15423450245658465
96 0.15423450245658465
97 0.15423450245658465
98 0.15423450245658465
99 0.15423450245658465
100 0.15423450245658465
101 0.15423450245658465
102 0.15423450245658465
103 0.15423450245658465
104 0.15423450245658465
105 0.15423450245658465
106 0.13377821590014827
107 0.13377821590014827
108 0.13377821590014827
109 0.13224456707940374
110 0.13224456707940374
111 0.13224456707940374
112 0.11919698545287363
113 0.11919698545287363
114 0.11919698545287363
115 0.11919698545287363
116 0.11919698545287363
117 0.11919698545287363
118 0.11919698545287363
119 0.11919698545287363
120 0.11919698545287363
121 0.11919698545287363
122 0.11919698545287363
123 0.11919698545287363
124 0.11919698545287363
125 0.11919698545287363
126 0.11919698545287363
127 0.11919698545287363
128 0.11919698545287363
129 0.11919698545287363
130 0.11919698545287363
131 0.11919698545287363
132 0.11919698545287363
133 0.11919698545287363
134 0.11919698545287363
135 0.11611865912628891
136 0.11406066380139743
137 0.11406066380139743
138 0.11406066380139743
139 0.11406066380139743
140 0.11406066380139743
141 0.11406066380139743
142 0.11406066380139743
143 0.11406066380139743
144 0.11406066380139743
145 0.11406066380139743
146 0.11406066380139743
147 0.10623643887116309
148 0.10623643887116309
149 0.10623643887116309
150 0.10623643887116309
151 0.10623643887116309
152 0.10623643887116309
153 0.10623643887116309
154 0.10520975148309418
155 0.10520975148309418
156 0.10306100003846444
157 0.09454026005479843
158 0.09454026005479843
159 0.09454026005479843
160 0.0846689660030678
161 0.0846689660030678
162 0.0846689660030678
163 0.0846689660030678
164 0.0846689660030678
165 0.0846689660030678
166 0.0846689660030678
167 0.0846689660030678
168 0.0846689660030678
169 0.0846689660030678
170 0.0846689660030678
171 0.0846689660030678
172 0.0846689660030678
173 0.0846689660030678
174 0.0846689660030678
175 0.0846689660030678
176 0.0846689660030678
177 0.0846689660030678
178 0.0846689660030678
179 0.0846689660030678
180 0.0846689660030678
181 0.0846689660030678
182 0.0846689660030678
183 0.0846689660030678
184 0.0846689660030678
185 0.0846689660030678
186 0.0846689660030678
187 0.0846689660030678
188 0.0846689660030678
189 0.0846689660030678
190 0.0846689660030678
191 0.0846689660030678
192 0.0846689660030678
193 0.0846689660030678
194 0.0846689660030678
195 0.0846689660030678
196 0.0846689660030678
197 0.0846689660030678
198 0.0846689660030678
199 0.0846689660030678
200 0.0846689660030678
201 0.0846689660030678
202 0.0846689660030678
203 0.0846689660030678
204 0.0846689660030678
205 0.0846689660030678
206 0.0846689660030678
207 0.0846689660030678
208 0.0846689660030678
209 0.0846689660030678
210 0.0846689660030678
211 0.0846689660030678
212 0.0846689660030678
213 0.0846689660030678
214 0.0846689660030678
215 0.0846689660030678
216 0.0846689660030678
217 0.0846689660030678
218 0.0846689660030678
219 0.0846689660030678
220 0.0846689660030678
221 0.0846689660030678
222 0.0846689660030678
223 0.0846689660030678
224 0.08416147091795076
225 0.08299047661671297
226 0.08199820892549974
227 0.07941937030212877
228 0.0786079101209723
229 0.07546748030912105
230 0.07546748030912105
231 0.07546748030912105
232 0.07546748030912105
233 0.07546748030912105
234 0.07546748030912105
235 0.07546748030912105
236 0.07546748030912105
237 0.07546748030912105
238 0.07546748030912105
239 0.07546748030912105
240 0.07546748030912105
241 0.07546748030912105
242 0.07546748030912105
243 0.07546748030912105
244 0.07546748030912105
245 0.07546748030912105
246 0.07546748030912105
247 0.07546748030912105
248 0.07546748030912105
249 0.07546748030912105
250 0.07546748030912105
251 0.07546748030912105
252 0.07546748030912105
253 0.07546748030912105
254 0.07415133280046964
255 0.0701511250310802
256 0.06935200163962141
257 0.06935200163962141
258 0.06935200163962141
259 0.06935200163962141
260 0.06935200163962141
261 0.06935200163962141
262 0.06935200163962141
263 0.06935200163962141
264 0.06935200163962141
265 0.06935200163962141
266 0.06935200163962141
267 0.06935200163962141
268 0.06935200163962141
269 0.06935200163962141
270 0.06935200163962141
271 0.06935200163962141
272 0.06935200163962141
273 0.06935200163962141
274 0.06935200163962141
275 0.06935200163962141
276 0.06935200163962141
277 0.06935200163962141
278 0.06935200163962141
279 0.06935200163962141
280 0.06935200163962141
281 0.06935200163962141
282 0.06935200163962141
283 0.06935200163962141
284 0.06935200163962141
285 0.06935200163962141
286 0.06935200163962141
287 0.06935200163962141
288 0.06935200163962141
289 0.06935200163962141
290 0.06935200163962141
291 0.06935200163962141
292 0.06935200163962141
293 0.06935200163962141
294 0.06866956792745552
295 0.06866956792745552
296 0.06866956792745552
297 0.06866956792745552
298 0.06866956792745552
299 0.06866956792745552
300 0.06866956792745552
301 0.06866956792745552
302 0.06866956792745552
303 0.06866956792745552
304 0.06866956792745552
305 0.06866956792745552
306 0.06866956792745552
307 0.06866956792745552
308 0.06866956792745552
309 0.06866956792745552
310 0.06866956792745552
311 0.06866956792745552
312 0.06866956792745552
313 0.06866956792745552
314 0.06866956792745552
315 0.06866956792745552
316 0.06866956792745552
317 0.06866956792745552
318 0.06866956792745552
319 0.06866956792745552
320 0.06866956792745552
321 0.06866956792745552
322 0.06866956792745552
323 0.06866956792745552
324 0.06866956792745552
325 0.06866956792745552
326 0.06866956792745552
327 0.06866956792745552
328 0.06866956792745552
329 0.06866956792745552
330 0.06866956792745552
331 0.06607791139708927
332 0.06607791139708927
333 0.0649592216766526
334 0.0649592216766526
335 0.0649592216766526
336 0.06343539478781265
337 0.06343539478781265
338 0.06343539478781265
339 0.06343539478781265
340 0.06343539478781265
341 0.06343539478781265
342 0.06343539478781265
343 0.06343539478781265
344 0.06343539478781265
345 0.06343539478781265
346 0.06343539478781265
347 0.06343539478781265
348 0.06343539478781265
349 0.06343539478781265
350 0.06343539478781265
351 0.06343539478781265
352 0.06343539478781265
353 0.06343539478781265
354 0.06343539478781265
355 0.06343539478781265
356 0.06343539478781265
357 0.048699003627914746
358 0.048699003627914746
359 0.048699003627914746
360 0.048699003627914746
361 0.048699003627914746
362 0.048699003627914746
363 0.048699003627914746
364 0.048699003627914746
365 0.048699003627914746
366 0.048699003627914746
367 0.048699003627914746
368 0.048699003627914746
369 0.048699003627914746
370 0.048699003627914746
371 0.048699003627914746
372 0.048699003627914746
373 0.048699003627914746
374 0.048699003627914746
375 0.048699003627914746
376 0.048699003627914746
377 0.048699003627914746
378 0.048699003627914746
379 0.048699003627914746
380 0.048699003627914746
381 0.048699003627914746
382 0.048699003627914746
383 0.048699003627914746
384 0.048699003627914746
385 0.048699003627914746
386 0.048699003627914746
387 0.048699003627914746
388 0.048699003627914746
389 0.048699003627914746
390 0.048699003627914746
391 0.048699003627914746
392 0.048699003627914746
393 0.048699003627914746
394 0.048699003627914746
395 0.048699003627914746
396 0.048699003627914746
397 0.048699003627914746
398 0.048699003627914746
399 0.048699003627914746
400 0.048699003627914746
401 0.048699003627914746
402 0.048699003627914746
403 0.048699003627914746
404 0.048699003627914746
405 0.048699003627914746
406 0.048699003627914746
407 0.048699003627914746
408 0.048699003627914746
409 0.048699003627914746
410 0.048699003627914746
411 0.048699003627914746
412 0.048699003627914746
413 0.048699003627914746
414 0.048699003627914746
415 0.048699003627914746
416 0.048699003627914746
417 0.048699003627914746
418 0.048699003627914746
419 0.048699003627914746
420 0.048699003627914746
421 0.048699003627914746
422 0.048699003627914746
423 0.048699003627914746
424 0.048699003627914746
425 0.048699003627914746
426 0.048699003627914746
427 0.048699003627914746
428 0.048699003627914746
429 0.048699003627914746
430 0.048699003627914746
431 0.048699003627914746
432 0.048699003627914746
433 0.048699003627914746
434 0.048699003627914746
435 0.048699003627914746
436 0.048699003627914746
437 0.048699003627914746
438 0.048699003627914746
439 0.048699003627914746
440 0.048699003627914746
441 0.048699003627914746
442 0.048699003627914746
443 0.048699003627914746
444 0.048699003627914746
445 0.048699003627914746
446 0.048699003627914746
447 0.048699003627914746
448 0.048699003627914746
449 0.048699003627914746
450 0.048699003627914746
451 0.048699003627914746
452 0.048699003627914746
453 0.048699003627914746
454 0.048699003627914746
455 0.048699003627914746
456 0.048699003627914746
457 0.048699003627914746
458 0.048699003627914746
459 0.048699003627914746
460 0.048699003627914746
461 0.048699003627914746
462 0.048699003627914746
463 0.048699003627914746
464 0.048699003627914746
465 0.048699003627914746
466 0.048699003627914746
467 0.048699003627914746
468 0.048699003627914746
469 0.04543765876081591
470 0.04543765876081591
471 0.04543765876081591
472 0.04543765876081591
473 0.04543765876081591
474 0.04543765876081591
475 0.04543765876081591
476 0.04543765876081591
477 0.04543765876081591
478 0.04543765876081591
479 0.04543765876081591
480 0.04543765876081591
481 0.04543765876081591
482 0.04543765876081591
483 0.04543765876081591
484 0.04543765876081591
485 0.04543765876081591
486 0.04543765876081591
487 0.04543765876081591
488 0.04543765876081591
489 0.04543765876081591
490 0.04543765876081591
491 0.04543765876081591
492 0.04543765876081591
493 0.04543765876081591
494 0.04543765876081591
495 0.04543765876081591
496 0.04164917876901125
497 0.038989871371694976
498 0.038989871371694976
499 0.038989871371694976
500 0.038989871371694976
501 0.038989871371694976
502 0.038989871371694976
503 0.038989871371694976
504 0.038989871371694976
505 0.038989871371694976
506 0.038989871371694976
507 0.038989871371694976
508 0.038989871371694976
509 0.038989871371694976
510 0.038989871371694976
511 0.038989871371694976
512 0.038989871371694976
513 0.038989871371694976
514 0.038989871371694976
515 0.038989871371694976
516 0.038989871371694976
517 0.038989871371694976
518 0.038989871371694976
519 0.038989871371694976
520 0.038989871371694976
521 0.038989871371694976
522 0.038989871371694976
523 0.038989871371694976
524 0.038989871371694976
525 0.038989871371694976
526 0.038989871371694976
527 0.038989871371694976
528 0.03393825184081518
529 0.03363260220351876
530 0.03363260220351876
531 0.03363260220351876
532 0.03363260220351876
533 0.03363260220351876
534 0.03363260220351876
535 0.03363260220351876
536 0.03363260220351876
537 0.03363260220351876
538 0.03363260220351876
539 0.02756823575957793
540 0.023465282927905198
541 0.023465282927905198
542 0.023465282927905198
543 0.023465282927905198
544 0.023465282927905198
545 0.023465282927905198
546 0.023465282927905198
547 0.023465282927905198
548 0.023465282927905198
549 0.023465282927905198
550 0.023465282927905198
551 0.023465282927905198
552 0.023465282927905198
553 0.023465282927905198
554 0.023465282927905198
555 0.023465282927905198
556 0.023465282927905198
557 0.023465282927905198
558 0.023465282927905198
559 0.023465282927905198
560 0.023465282927905198
561 0.023465282927905198
562 0.023465282927905198
563 0.023465282927905198
564 0.023465282927905198
565 0.023465282927905198
566 0.023465282927905198
567 0.023465282927905198
568 0.023465282927905198
569 0.023465282927905198
570 0.023465282927905198
571 0.020627470652737852
572 0.020627470652737852
573 0.020627470652737852
574 0.020627470652737852
575 0.020627470652737852
576 0.020627470652737852
577 0.016340023447505164
578 0.016340023447505164
579 0.016340023447505164
580 0.016340023447505164
581 0.016340023447505164
582 0.016340023447505164
583 0.016340023447505164
584 0.016340023447505164
585 0.016340023447505164
586 0.016340023447505164
587 0.016340023447505164
588 0.016340023447505164
589 0.016340023447505164
590 0.016340023447505164
591 0.016340023447505164
592 0.016340023447505164
593 0.016340023447505164
594 0.016340023447505164
595 0.016340023447505164
596 0.016340023447505164
597 0.016340023447505164
598 0.016340023447505164
599 0.016340023447505164
600 0.016340023447505164
601 0.016340023447505164
602 0.016340023447505164
603 0.016340023447505164
604 0.016340023447505164
605 0.016340023447505164
606 0.016340023447505164
607 0.016340023447505164
608 0.016340023447505164
609 0.016340023447505164
610 0.016340023447505164
611 0.016340023447505164
612 0.016340023447505164
613 0.016340023447505164
614 0.016340023447505164
615 0.016340023447505164
616 0.016340023447505164
617 0.016340023447505164
618 0.016340023447505164
619 0.016340023447505164
620 0.016340023447505164
621 0.016340023447505164
622 0.016340023447505164
623 0.016340023447505164
624 0.016340023447505164
625 0.016340023447505164
626 0.016340023447505164
627 0.014429939170341353
628 0.009914236767983885
629 0.009914236767983885
630 0.009914236767983885
631 0.009914236767983885
632 0.009914236767983885
633 0.009914236767983885
634 0.009914236767983885
635 0.009914236767983885
636 0.009914236767983885
637 0.009914236767983885
638 0.00963863893192822
639 0.009598602327352506
640 0.009598602327352506
641 0.009598602327352506
642 0.009598602327352506
643 0.009598602327352506
644 0.009598602327352506
645 0.009598602327352506
646 0.009598602327352506
647 0.009598602327352506
648 0.009598602327352506
649 0.009533304431700957
650 0.009021913895592143
651 0.009021913895592143
652 0.009021913895592143
653 0.009021913895592143
654 0.009021913895592143
655 0.009021913895592143
656 0.009021913895592143
657 0.009021913895592143
658 0.009021913895592143
659 0.009021913895592143
660 0.009021913895592143
661 0.009021913895592143
662 0.009021913895592143
663 0.009021913895592143
664 0.009021913895592143
665 0.009021913895592143
666 0.009021913895592143
667 0.009021913895592143
668 0.009021913895592143
669 0.009021913895592143
670 0.009021913895592143
671 0.009021913895592143
672 0.009021913895592143
673 0.009021913895592143
674 0.009021913895592143
675 0.009021913895592143
676 0.009021913895592143
677 0.009021913895592143
678 0.009021913895592143
679 0.009021913895592143
680 0.009021913895592143
681 0.009021913895592143
682 0.009021913895592143
683 0.009021913895592143
684 0.009021913895592143
685 0.009021913895592143
686 0.009021913895592143
687 0.009021913895592143
688 0.009021913895592143
689 0.009021913895592143
690 0.009021913895592143
691 0.009021913895592143
692 0.009021913895592143
693 0.009021913895592143
694 0.009021913895592143
695 0.009021913895592143
696 0.009021913895592143
697 0.009021913895592143
698 0.009021913895592143
699 0.009021913895592143
700 0.009021913895592143
701 0.009021913895592143
702 0.009021913895592143
703 0.009021913895592143
704 0.009021913895592143
705 0.009021913895592143
706 0.009021913895592143
707 0.009021913895592143
708 0.009021913895592143
709 0.009021913895592143
710 0.009021913895592143
711 0.009021913895592143
712 0.009021913895592143
713 0.009021913895592143
714 0.009021913895592143
715 0.009021913895592143
716 0.009021913895592143
717 0.009021913895592143
718 0.009021913895592143
719 0.009021913895592143
720 0.009021913895592143
721 0.009021913895592143
722 0.009021913895592143
723 0.009021913895592143
724 0.009021913895592143
725 0.009021913895592143
726 0.009021913895592143
727 0.009021913895592143
728 0.009021913895592143
729 0.009021913895592143
730 0.009021913895592143
731 0.009021913895592143
732 0.009021913895592143
733 0.009021913895592143
734 0.009021913895592143
735 0.009021913895592143
736 0.009021913895592143
737 0.009021913895592143
738 0.009021913895592143
739 0.009021913895592143
740 0.009021913895592143
741 0.009021913895592143
742 0.009021913895592143
743 0.009021913895592143
744 0.009021913895592143
745 0.009021913895592143
746 0.009021913895592143
747 0.009021913895592143
748 0.009021913895592143
749 0.009021913895592143
750 0.009021913895592143
751 0.009021913895592143
752 0.009021913895592143
753 0.009021913895592143
754 0.009021913895592143
755 0.009021913895592143
756 0.009021913895592143
757 0.009021913895592143
758 0.009021913895592143
759 0.009021913895592143
760 0.009021913895592143
761 0.009021913895592143
762 0.009021913895592143
763 0.009021913895592143
764 0.009021913895592143
765 0.009021913895592143
766 0.009021913895592143
767 0.009021913895592143
768 0.009021913895592143
769 0.009021913895592143
770 0.009021913895592143
771 0.009021913895592143
772 0.009021913895592143
773 0.009021913895592143
774 0.009021913895592143
775 0.009021913895592143
776 0.009021913895592143
777 0.009021913895592143
778 0.009021913895592143
779 0.009021913895592143
780 0.009021913895592143
781 0.009021913895592143
782 0.009021913895592143
783 0.009021913895592143
784 0.009021913895592143
785 0.009021913895592143
786 0.009021913895592143
787 0.009021913895592143
788 0.009021913895592143
789 0.009021913895592143
790 0.009021913895592143
791 0.009021913895592143
792 0.009021913895592143
793 0.009021913895592143
794 0.009021913895592143
795 0.009021913895592143
796 0.009021913895592143
797 0.009021913895592143
798 0.009021913895592143
799 0.009021913895592143
800 0.009021913895592143
801 0.009021913895592143
802 0.009021913895592143
803 0.009021913895592143
804 0.009021913895592143
805 0.009021913895592143
806 0.009021913895592143
807 0.009021913895592143
808 0.009021913895592143
809 0.009021913895592143
810 0.009021913895592143
811 0.009021913895592143
812 0.009021913895592143
813 0.009021913895592143
814 0.009021913895592143
815 0.009021913895592143
816 0.009021913895592143
817 0.009021913895592143
818 0.009021913895592143
819 0.009021913895592143
820 0.009021913895592143
821 0.009021913895592143
822 0.009021913895592143
823 0.009021913895592143
824 0.009021913895592143
825 0.009021913895592143
826 0.009021913895592143
827 0.009021913895592143
828 0.009021913895592143
829 0.009021913895592143
830 0.009021913895592143
831 0.009021913895592143
832 0.009021913895592143
833 0.009021913895592143
834 0.009021913895592143
835 0.009021913895592143
836 0.009021913895592143
837 0.009021913895592143
838 0.009021913895592143
839 0.009021913895592143
840 0.009021913895592143
841 0.009021913895592143
842 0.009021913895592143
843 0.009021913895592143
844 0.009021913895592143
845 0.009021913895592143
846 0.009021913895592143
847 0.009021913895592143
848 0.009021913895592143
849 0.009021913895592143
850 0.009021913895592143
851 0.009021913895592143
852 0.009021913895592143
853 0.009021913895592143
854 0.009021913895592143
855 0.009021913895592143
856 0.009021913895592143
857 0.009021913895592143
858 0.009021913895592143
859 0.009021913895592143
860 0.009021913895592143
861 0.009021913895592143
862 0.009021913895592143
863 0.009021913895592143
864 0.009021913895592143
865 0.009021913895592143
866 0.009021913895592143
867 0.009021913895592143
868 0.009021913895592143
869 0.009021913895592143
870 0.009021913895592143
871 0.009021913895592143
872 0.009021913895592143
873 0.009021913895592143
874 0.009021913895592143
875 0.009021913895592143
876 0.009021913895592143
877 0.009021913895592143
878 0.009021913895592143
879 0.009021913895592143
880 0.009021913895592143
881 0.009021913895592143
882 0.009021913895592143
883 0.009021913895592143
884 0.009021913895592143
885 0.009021913895592143
886 0.009021913895592143
887 0.009021913895592143
888 0.009021913895592143
889 0.009021913895592143
890 0.009021913895592143
891 0.009021913895592143
892 0.009021913895592143
893 0.009021913895592143
894 0.009021913895592143
895 0.009021913895592143
896 0.009021913895592143
897 0.009021913895592143
898 0.009021913895592143
899 0.009021913895592143
900 0.009021913895592143
901 0.009021913895592143
902 0.009021913895592143
903 0.009021913895592143
904 0.009021913895592143
905 0.009021913895592143
906 0.009021913895592143
907 0.009021913895592143
908 0.009021913895592143
909 0.009021913895592143
910 0.009021913895592143
911 0.009021913895592143
912 0.009021913895592143
913 0.009021913895592143
914 0.009021913895592143
915 0.009021913895592143
916 0.009021913895592143
917 0.009021913895592143
918 0.009021913895592143
919 0.009021913895592143
920 0.009021913895592143
921 0.009021913895592143
922 0.009021913895592143
923 0.009021913895592143
924 0.009021913895592143
925 0.009021913895592143
926 0.009021913895592143
927 0.009021913895592143
928 0.009021913895592143
929 0.009021913895592143
930 0.009021913895592143
931 0.009021913895592143
932 0.009021913895592143
933 0.009021913895592143
934 0.009021913895592143
935 0.009021913895592143
936 0.009021913895592143
937 0.009021913895592143
938 0.009021913895592143
939 0.009021913895592143
940 0.009021913895592143
941 0.009021913895592143
942 0.009021913895592143
943 0.009021913895592143
944 0.009021913895592143
945 0.009021913895592143
946 0.009021913895592143
947 0.009021913895592143
948 0.009021913895592143
949 0.009021913895592143
950 0.009021913895592143
951 0.009021913895592143
952 0.009021913895592143
953 0.008632741404831458
954 0.008632741404831458
955 0.008632741404831458
956 0.008632741404831458
957 0.008632741404831458
958 0.008632741404831458
959 0.008632741404831458
960 0.008632741404831458
961 0.008632741404831458
962 0.008632741404831458
963 0.008632741404831458
964 0.008632741404831458
965 0.008632741404831458
966 0.008632741404831458
967 0.008632741404831458
968 0.008632741404831458
969 0.0067431864764891936
970 0.0067431864764891936
971 0.004881356746683484
972 0.004881356746683484
973 0.004881356746683484
974 0.004881356746683484
975 0.004881356746683484
976 0.004881356746683484
977 0.004881356746683484
978 0.004881356746683484
979 0.004881356746683484
980 0.004881356746683484
981 0.004881356746683484
982 0.004881356746683484
983 0.004881356746683484
984 0.004881356746683484
985 0.004881356746683484
986 0.004881356746683484
987 0.004881356746683484
988 0.004881356746683484
989 0.004881356746683484
990 0.004881356746683484
991 0.004881356746683484
992 0.004881356746683484
993 0.004881356746683484
994 0.004881356746683484
995 0.004881356746683484
996 0.004881356746683484
997 0.004881356746683484
998 0.004881356746683484
999 0.004881356746683484
1000 0.004881356746683484
1001 0.004881356746683484
1002 0.004881356746683484
1003 0.004881356746683484
1004 0.004881356746683484
1005 0.004881356746683484
1006 0.004881356746683484
1007 0.004881356746683484
1008 0.004881356746683484
1009 0.004881356746683484
1010 0.004881356746683484
1011 0.004881356746683484
1012 0.004881356746683484
1013 0.004881356746683484
1014 0.004881356746683484
1015 0.004881356746683484
1016 0.004881356746683484
1017 0.004881356746683484
1018 0.004881356746683484
1019 0.004881356746683484
1020 0.004881356746683484
1021 0.004881356746683484
1022 0.004881356746683484
1023 0.004881356746683484
1024 0.004881356746683484
1025 0.004881356746683484
1026 0.004881356746683484
1027 0.004881356746683484
1028 0.004881356746683484
1029 0.004881356746683484
1030 0.004881356746683484
1031 0.004881356746683484
1032 0.004881356746683484
1033 0.004881356746683484
1034 0.004881356746683484
1035 0.004881356746683484
1036 0.004881356746683484
1037 0.004881356746683484
1038 0.004881356746683484
1039 0.004881356746683484
1040 0.004881356746683484
1041 0.004881356746683484
1042 0.004881356746683484
1043 0.004881356746683484
1044 0.004881356746683484
1045 0.004881356746683484
1046 0.004881356746683484
1047 0.004881356746683484
1048 0.004881356746683484
1049 0.004881356746683484
1050 0.004881356746683484
1051 0.004881356746683484
1052 0.004881356746683484
1053 0.004881356746683484
1054 0.004881356746683484
1055 0.004881356746683484
1056 0.004881356746683484
1057 0.004881356746683484
1058 0.004881356746683484
1059 0.004881356746683484
1060 0.004881356746683484
1061 0.004881356746683484
1062 0.004881356746683484
1063 0.004881356746683484
1064 0.004881356746683484
1065 0.004881356746683484
1066 0.004881356746683484
1067 0.004881356746683484
1068 0.004881356746683484
1069 0.004881356746683484
1070 0.004881356746683484
1071 0.004881356746683484
1072 0.004881356746683484
1073 0.004881356746683484
1074 0.004881356746683484
1075 0.004881356746683484
1076 0.004881356746683484
1077 0.004881356746683484
1078 0.004881356746683484
1079 0.004881356746683484
1080 0.004881356746683484
1081 0.004881356746683484
1082 0.004881356746683484
1083 0.004881356746683484
1084 0.004881356746683484
1085 0.004881356746683484
1086 0.004881356746683484
1087 0.004881356746683484
1088 0.004881356746683484
1089 0.004881356746683484
1090 0.004881356746683484
1091 0.004881356746683484
1092 0.004881356746683484
1093 0.004881356746683484
1094 0.004881356746683484
1095 0.004881356746683484
1096 0.004881356746683484
1097 0.004881356746683484
1098 0.004881356746683484
1099 0.004881356746683484
1100 0.004881356746683484
1101 0.004881356746683484
1102 0.004881356746683484
1103 0.004881356746683484
1104 0.004881356746683484
1105 0.004881356746683484
1106 0.004881356746683484
1107 0.004881356746683484
1108 0.004881356746683484
1109 0.004881356746683484
1110 0.004881356746683484
1111 0.004881356746683484
1112 0.004881356746683484
1113 0.004881356746683484
1114 0.004881356746683484
1115 0.004881356746683484
1116 0.004881356746683484
1117 0.004881356746683484
1118 0.004881356746683484
1119 0.004881356746683484
1120 0.004881356746683484
1121 0.004881356746683484
1122 0.004881356746683484
1123 0.004881356746683484
1124 0.004881356746683484
1125 0.004881356746683484
1126 0.004881356746683484
1127 0.004881356746683484
1128 0.004881356746683484
1129 0.004881356746683484
1130 0.004881356746683484
1131 0.004881356746683484
1132 0.004881356746683484
1133 0.004881356746683484
1134 0.004881356746683484
1135 0.004881356746683484
1136 0.004881356746683484
1137 0.004881356746683484
1138 0.004881356746683484
1139 0.004881356746683484
1140 0.004881356746683484
1141 0.004881356746683484
1142 0.004881356746683484
1143 0.004881356746683484
1144 0.004881356746683484
1145 0.004881356746683484
1146 0.004881356746683484
1147 0.004881356746683484
1148 0.004881356746683484
1149 0.004881356746683484
1150 0.004881356746683484
1151 0.004881356746683484
1152 0.004881356746683484
1153 0.004881356746683484
1154 0.004881356746683484
1155 0.004881356746683484
1156 0.004881356746683484
1157 0.004881356746683484
1158 0.004881356746683484
1159 0.004881356746683484
1160 0.004881356746683484
1161 0.004881356746683484
1162 0.004881356746683484
1163 0.004881356746683484
1164 0.004881356746683484
1165 0.004881356746683484
1166 0.004881356746683484
1167 0.004881356746683484
1168 0.004881356746683484
1169 0.004881356746683484
1170 0.004881356746683484
1171 0.004881356746683484
1172 0.004881356746683484
1173 0.004881356746683484
1174 0.004881356746683484
1175 0.004881356746683484
1176 0.004881356746683484
1177 0.004881356746683484
1178 0.004881356746683484
1179 0.004881356746683484
1180 0.004881356746683484
1181 0.004881356746683484
1182 0.004881356746683484
1183 0.004881356746683484
1184 0.004881356746683484
1185 0.004881356746683484
1186 0.004881356746683484
1187 0.004881356746683484
1188 0.004881356746683484
1189 0.004881356746683484
1190 0.004881356746683484
1191 0.004881356746683484
1192 0.004881356746683484
1193 0.004881356746683484
1194 0.004881356746683484
1195 0.004881356746683484
1196 0.004881356746683484
1197 0.004881356746683484
1198 0.004881356746683484
1199 0.004881356746683484
1200 0.004881356746683484
1201 0.004881356746683484
1202 0.004881356746683484
1203 0.004881356746683484
1204 0.004881356746683484
1205 0.004881356746683484
1206 0.004881356746683484
1207 0.004881356746683484
1208 0.004881356746683484
1209 0.004881356746683484
1210 0.004881356746683484
1211 0.004881356746683484
1212 0.004881356746683484
1213 0.004881356746683484
1214 0.004881356746683484
1215 0.004881356746683484
1216 0.004881356746683484
1217 0.004881356746683484
1218 0.004881356746683484
1219 0.004881356746683484
1220 0.004881356746683484
1221 0.004881356746683484
1222 0.004881356746683484
1223 0.004881356746683484
1224 0.004881356746683484
1225 0.004881356746683484
1226 0.004881356746683484
1227 0.004881356746683484
1228 0.004881356746683484
1229 0.004881356746683484
1230 0.004881356746683484
1231 0.004881356746683484
1232 0.004881356746683484
1233 0.004881356746683484
1234 0.004881356746683484
1235 0.004881356746683484
1236 0.004881356746683484
1237 0.004881356746683484
1238 0.004881356746683484
1239 0.004881356746683484
1240 0.004881356746683484
1241 0.004881356746683484
1242 0.004881356746683484
1243 0.004881356746683484
1244 0.004881356746683484
1245 0.004881356746683484
1246 0.004881356746683484
1247 0.004881356746683484
1248 0.004881356746683484
1249 0.004881356746683484
1250 0.004881356746683484
1251 0.004881356746683484
1252 0.004881356746683484
1253 0.004881356746683484
1254 0.004881356746683484
1255 0.004881356746683484
1256 0.004881356746683484
1257 0.004881356746683484
1258 0.004881356746683484
1259 0.004881356746683484
1260 0.004881356746683484
1261 0.004881356746683484
1262 0.004881356746683484
1263 0.004881356746683484
1264 0.004881356746683484
1265 0.004881356746683484
1266 0.004881356746683484
1267 0.004881356746683484
1268 0.004881356746683484
1269 0.004881356746683484
1270 0.004881356746683484
1271 0.004881356746683484
1272 0.004881356746683484
1273 0.004881356746683484
1274 0.004881356746683484
1275 0.004881356746683484
1276 0.004881356746683484
1277 0.004881356746683484
1278 0.004881356746683484
1279 0.004881356746683484
1280 0.004881356746683484
1281 0.004881356746683484
1282 0.004881356746683484
1283 0.004881356746683484
1284 0.004881356746683484
1285 0.004881356746683484
1286 0.004881356746683484
1287 0.004881356746683484
1288 0.004881356746683484
1289 0.004881356746683484
1290 0.004881356746683484
1291 0.004881356746683484
1292 0.004881356746683484
1293 0.004881356746683484
1294 0.004881356746683484
1295 0.004881356746683484
1296 0.004881356746683484
1297 0.004881356746683484
1298 0.004881356746683484
1299 0.004881356746683484
1300 0.004881356746683484
1301 0.004881356746683484
1302 0.004881356746683484
1303 0.004881356746683484
1304 0.004881356746683484
1305 0.004881356746683484
1306 0.004881356746683484
1307 0.004881356746683484
1308 0.004881356746683484
1309 0.004881356746683484
1310 0.004881356746683484
1311 0.004881356746683484
1312 0.004881356746683484
1313 0.004881356746683484
1314 0.004881356746683484
1315 0.004881356746683484
1316 0.004881356746683484
1317 0.004881356746683484
1318 0.004881356746683484
1319 0.004881356746683484
1320 0.004881356746683484
1321 0.004881356746683484
1322 0.004881356746683484
1323 0.004881356746683484
1324 0.004881356746683484
1325 0.004881356746683484
1326 0.004881356746683484
1327 0.004881356746683484
1328 0.004881356746683484
1329 0.004881356746683484
1330 0.004881356746683484
1331 0.004881356746683484
1332 0.004881356746683484
1333 0.004881356746683484
1334 0.004881356746683484
1335 0.004881356746683484
1336 0.004881356746683484
1337 0.004881356746683484
1338 0.004881356746683484
1339 0.004881356746683484
1340 0.004881356746683484
1341 0.004881356746683484
1342 0.004881356746683484
1343 0.004881356746683484
1344 0.004881356746683484
1345 0.004881356746683484
1346 0.004881356746683484
1347 0.004881356746683484
1348 0.004881356746683484
1349 0.004881356746683484
1350 0.004881356746683484
1351 0.004881356746683484
1352 0.004881356746683484
1353 0.004881356746683484
1354 0.004881356746683484
1355 0.004881356746683484
1356 0.004881356746683484
1357 0.004881356746683484
1358 0.004881356746683484
1359 0.004881356746683484
1360 0.004881356746683484
1361 0.004881356746683484
1362 0.004881356746683484
1363 0.004881356746683484
1364 0.004881356746683484
1365 0.004881356746683484
1366 0.004881356746683484
1367 0.004881356746683484
1368 0.004881356746683484
1369 0.004881356746683484
1370 0.004881356746683484
1371 0.004881356746683484
1372 0.004881356746683484
1373 0.004881356746683484
1374 0.004881356746683484
1375 0.004881356746683484
1376 0.004881356746683484
1377 0.004881356746683484
1378 0.004881356746683484
1379 0.004881356746683484
1380 0.004881356746683484
1381 0.004881356746683484
1382 0.004881356746683484
1383 0.004881356746683484
1384 0.004881356746683484
1385 0.004881356746683484
1386 0.004881356746683484
1387 0.004881356746683484
1388 0.004881356746683484
1389 0.004881356746683484
1390 0.004881356746683484
1391 0.004881356746683484
1392 0.004881356746683484
1393 0.004881356746683484
1394 0.004881356746683484
1395 0.004881356746683484
1396 0.004881356746683484
1397 0.004881356746683484
1398 0.004881356746683484
1399 0.004881356746683484
1400 0.004881356746683484
1401 0.004881356746683484
1402 0.004881356746683484
1403 0.004881356746683484
1404 0.004881356746683484
1405 0.004881356746683484
1406 0.004881356746683484
1407 0.004881356746683484
1408 0.004881356746683484
1409 0.004881356746683484
1410 0.004881356746683484
1411 0.004881356746683484
1412 0.004881356746683484
1413 0.004881356746683484
1414 0.004881356746683484
1415 0.004881356746683484
1416 0.004881356746683484
1417 0.004881356746683484
1418 0.004881356746683484
1419 0.004881356746683484
1420 0.004881356746683484
1421 0.004881356746683484
1422 0.004881356746683484
1423 0.004881356746683484
1424 0.004881356746683484
1425 0.004881356746683484
1426 0.004881356746683484
1427 0.004881356746683484
1428 0.004881356746683484
1429 0.004881356746683484
1430 0.004881356746683484
1431 0.004881356746683484
1432 0.004881356746683484
1433 0.004881356746683484
1434 0.004881356746683484
1435 0.004881356746683484
1436 0.004881356746683484
1437 0.004881356746683484
1438 0.004881356746683484
1439 0.004881356746683484
1440 0.004881356746683484
1441 0.004881356746683484
1442 0.004881356746683484
1443 0.004881356746683484
1444 0.004881356746683484
1445 0.004881356746683484
1446 0.004881356746683484
1447 0.004881356746683484
1448 0.004881356746683484
1449 0.004881356746683484
1450 0.004881356746683484
1451 0.004881356746683484
1452 0.004881356746683484
1453 0.004881356746683484
1454 0.004881356746683484
1455 0.004881356746683484
1456 0.004881356746683484
1457 0.004881356746683484
1458 0.004881356746683484
1459 0.004881356746683484
1460 0.004881356746683484
1461 0.004881356746683484
1462 0.004881356746683484
1463 0.004881356746683484
1464 0.004881356746683484
1465 0.004881356746683484
1466 0.004881356746683484
1467 0.004881356746683484
1468 0.004881356746683484
1469 0.004881356746683484
1470 0.004881356746683484
1471 0.004881356746683484
1472 0.004881356746683484
1473 0.004881356746683484
1474 0.004881356746683484
1475 0.004881356746683484
1476 0.004881356746683484
1477 0.004881356746683484
1478 0.004881356746683484
1479 0.004881356746683484
1480 0.004881356746683484
1481 0.004881356746683484
1482 0.004881356746683484
1483 0.004881356746683484
1484 0.004881356746683484
1485 0.004881356746683484
1486 0.004881356746683484
1487 0.004881356746683484
1488 0.004881356746683484
1489 0.004881356746683484
1490 0.004881356746683484
1491 0.004881356746683484
1492 0.004881356746683484
1493 0.004881356746683484
1494 0.004881356746683484
1495 0.004881356746683484
1496 0.004881356746683484
1497 0.004881356746683484
1498 0.004881356746683484
1499 0.004881356746683484
1500 0.004881356746683484
1501 0.004881356746683484
1502 0.004881356746683484
1503 0.004881356746683484
1504 0.00449595432804602
1505 0.002112046681295433
1506 0.0013535959287190886
1507 0.0013535959287190886
1508 0.0013535959287190886
1509 0.0013341785039422854
1510 0.0013341785039422854
1511 0.0013341785039422854
1512 0.0013341785039422854
1513 0.0013341785039422854
1514 0.0013341785039422854
1515 0.0013341785039422854
1516 0.0013341785039422854
1517 0.0013341785039422854
1518 0.0013341785039422854
1519 0.0013341785039422854
1520 0.0013341785039422854
1521 0.0013341785039422854
1522 0.0013341785039422854
1523 0.0013341785039422854
1524 0.0013341785039422854
1525 0.0013341785039422854
1526 0.0013341785039422854
1527 0.0013341785039422854
1528 0.0013341785039422854
1529 0.0013341785039422854
1530 0.0013341785039422854
1531 0.0013341785039422854
1532 0.0013341785039422854
1533 0.0013341785039422854
1534 0.0013341785039422854
1535 0.0013341785039422854
1536 0.0013341785039422854
1537 0.0013341785039422854
1538 0.0013341785039422854
1539 0.0013341785039422854
1540 0.0013341785039422854
1541 0.0013341785039422854
1542 0.0013341785039422854
1543 0.0013341785039422854
1544 0.0013341785039422854
1545 0.0013341785039422854
1546 0.0013341785039422854
1547 0.0013341785039422854
1548 0.0013341785039422854
1549 0.0013341785039422854
1550 0.0013341785039422854
1551 0.0013341785039422854
1552 0.0013341785039422854
1553 0.0013341785039422854
1554 0.0013341785039422854
1555 0.0013341785039422854
1556 0.0013341785039422854
1557 0.0013341785039422854
1558 0.0013341785039422854
1559 0.0013341785039422854
1560 0.0013341785039422854
1561 0.0013341785039422854
1562 0.0013341785039422854
1563 0.0013341785039422854
1564 0.0013341785039422854
1565 0.0013341785039422854
1566 0.0013341785039422854
1567 0.0013341785039422854
1568 0.0013341785039422854
1569 0.0013341785039422854
1570 0.0013341785039422854
1571 0.0013341785039422854
1572 0.0013341785039422854
1573 0.0013341785039422854
1574 0.0013341785039422854
1575 0.0013341785039422854
1576 0.0013341785039422854
1577 0.0013341785039422854
1578 0.0013341785039422854
1579 0.0013341785039422854
1580 0.0013341785039422854
1581 0.0013341785039422854
1582 0.0013341785039422854
1583 0.0013341785039422854
1584 0.0013341785039422854
1585 0.0013341785039422854
1586 0.0013341785039422854
1587 0.0013341785039422854
1588 0.0013341785039422854
1589 0.0013341785039422854
1590 0.0013341785039422854
1591 0.0013341785039422854
1592 0.0013341785039422854
1593 0.0013341785039422854
1594 0.0013341785039422854
1595 0.0013341785039422854
1596 0.0013341785039422854
1597 0.0013341785039422854
1598 0.0013341785039422854
1599 0.0013341785039422854
1600 0.0013341785039422854
1601 0.0013341785039422854
1602 0.0013341785039422854
1603 0.0013341785039422854
1604 0.0013341785039422854
1605 0.0013341785039422854
1606 0.0013341785039422854
1607 0.0013341785039422854
1608 0.0013341785039422854
1609 0.0013341785039422854
1610 0.0013341785039422854
1611 0.0013341785039422854
1612 0.0013341785039422854
1613 0.0013341785039422854
1614 0.0013341785039422854
1615 0.0013341785039422854
1616 0.0013341785039422854
1617 0.0013341785039422854
1618 0.0013341785039422854
1619 0.0013341785039422854
1620 0.0013341785039422854
1621 0.0013341785039422854
1622 0.0013341785039422854
1623 0.0013341785039422854
1624 0.0013341785039422854
1625 0.0013341785039422854
1626 0.0013341785039422854
1627 0.0013341785039422854
1628 0.0013341785039422854
1629 0.0013341785039422854
1630 0.0013341785039422854
1631 0.0013341785039422854
1632 0.0013341785039422854
1633 0.0013341785039422854
1634 0.0013341785039422854
1635 0.0013341785039422854
1636 0.0013341785039422854
1637 0.0013341785039422854
1638 0.0013341785039422854
1639 0.0013341785039422854
1640 0.0013341785039422854
1641 0.0013341785039422854
1642 0.0013341785039422854
1643 0.0013341785039422854
1644 0.0013341785039422854
1645 0.0013341785039422854
1646 0.0013341785039422854
1647 0.0013341785039422854
1648 0.0013341785039422854
1649 0.0013341785039422854
1650 0.0013341785039422854
1651 0.0013341785039422854
1652 0.0013341785039422854
1653 0.0013341785039422854
1654 0.0013341785039422854
1655 0.0013341785039422854
1656 0.0013341785039422854
1657 0.0013341785039422854
1658 0.0013341785039422854
1659 0.0013341785039422854
1660 0.0013341785039422854
1661 0.0013341785039422854
1662 0.0013341785039422854
1663 0.0013341785039422854
1664 0.0013341785039422854
1665 0.0013341785039422854
1666 0.0013341785039422854
1667 0.0013341785039422854
1668 0.0013341785039422854
1669 0.0013341785039422854
1670 0.0013341785039422854
1671 0.0013341785039422854
1672 0.0013341785039422854
1673 0.0013341785039422854
1674 0.0013341785039422854
1675 0.0013341785039422854
1676 0.0013341785039422854
1677 0.0013341785039422854
1678 0.0013341785039422854
1679 0.0013341785039422854
1680 0.0013341785039422854
1681 0.0013341785039422854
1682 0.0013341785039422854
1683 0.0013341785039422854
1684 0.0013341785039422854
1685 0.0013341785039422854
1686 0.0013341785039422854
1687 0.0013341785039422854
1688 0.0013341785039422854
1689 0.0013341785039422854
1690 0.0013341785039422854
1691 0.0013341785039422854
1692 0.0013341785039422854
1693 0.0013341785039422854
1694 0.0013341785039422854
1695 0.0013341785039422854
1696 0.0013341785039422854
1697 0.0013341785039422854
1698 0.0013341785039422854
1699 0.0013341785039422854
1700 0.0013341785039422854
1701 0.0013341785039422854
1702 0.0013341785039422854
1703 0.0013341785039422854
1704 0.0013341785039422854
1705 0.0013341785039422854
1706 0.0013341785039422854
1707 0.0013341785039422854
1708 0.0013341785039422854
1709 0.0013341785039422854
1710 0.0013341785039422854
1711 0.0013341785039422854
1712 0.0013341785039422854
1713 0.0013341785039422854
1714 0.0013341785039422854
1715 0.0013341785039422854
1716 0.0013341785039422854
1717 0.0013341785039422854
1718 0.0013341785039422854
1719 0.0013341785039422854
1720 0.0013341785039422854
1721 0.0013341785039422854
1722 0.0013341785039422854
1723 0.0013341785039422854
1724 0.0013341785039422854
1725 0.0013341785039422854
1726 0.0013341785039422854
1727 0.0013341785039422854
1728 0.0013341785039422854
1729 0.0013341785039422854
1730 0.0013341785039422854
1731 0.0013341785039422854
1732 0.0013341785039422854
1733 0.0013341785039422854
1734 0.0013341785039422854
1735 0.0013341785039422854
1736 0.0013341785039422854
1737 0.0013341785039422854
1738 0.0013341785039422854
1739 0.0013341785039422854
1740 0.0013341785039422854
1741 0.0013341785039422854
1742 0.0013341785039422854
1743 0.0013341785039422854
1744 0.0013341785039422854
1745 0.0013341785039422854
1746 0.0013341785039422854
1747 0.0013341785039422854
1748 0.0013341785039422854
1749 0.0013341785039422854
1750 0.0013341785039422854
1751 0.0013341785039422854
1752 0.0013341785039422854
1753 0.0013341785039422854
1754 0.0013341785039422854
1755 0.0013341785039422854
1756 0.0013341785039422854
1757 0.0013341785039422854
1758 0.0013341785039422854
1759 0.0013341785039422854
1760 0.0013341785039422854
1761 0.0013341785039422854
1762 0.0013341785039422854
1763 0.0013341785039422854
1764 0.0013341785039422854
1765 0.0013341785039422854
1766 0.0013341785039422854
1767 0.0013341785039422854
1768 0.0013341785039422854
1769 0.0013341785039422854
1770 0.0013341785039422854
1771 0.0013341785039422854
1772 9.85302770469095E-4
