1 0.2503132508044908
2 0.250067797364019
3 0.24980624149337216
4 0.24954168194992368
5 0.24929958858174509
6 0.24913541185571406
7 0.24910499401254185
8 0.24910499401254185
9 0.24910499401254185
10 0.24910499401254185
11 0.24910499401254185
12 0.24910499401254185
13 0.24910499401254185
14 0.2487666860892144
15 0.2480558193602295
16 0.24715765565625064
17 0.24610662394827576
18 0.24528300571932626
19 0.24304542773388618
20 0.2418019007089614
21 0.24119183897832283
22 0.24119183897832283
23 0.23990656190565016
24 0.23668899539792967
25 0.23668899539792967
26 0.23544548598431694
27 0.23457496481325057
28 0.22856223676751652
29 0.22856223676751652
30 0.22802568727541273
31 0.22802568727541273
32 0.22802568727541273
33 0.22802568727541273
34 0.22802568727541273
35 0.2259664873223796
36 0.2259664873223796
37 0.2259664873223796
38 0.2259664873223796
39 0.22445723150870966
40 0.22445723150870966
41 0.22445723150870966
42 0.22445723150870966
43 0.2151332096529555
44 0.2151332096529555
45 0.2151332096529555
46 0.2115532854828666
47 0.2115532854828666
48 0.2115532854828666
49 0.2115532854828666
50 0.2115532854828666
51 0.21094917721340942
52 0.21094917721340942
53 0.21094917721340942
54 0.20958851124254427
55 0.20958851124254427
56 0.20958851124254427
57 0.2073022693581697
58 0.20614521820075823
59 0.20614521820075823
60 0.19722753647672303
61 0.19722753647672303
62 0.1879197007502341
63 0.1879197007502341
64 0.1879197007502341
65 0.1879197007502341
66 0.1879197007502341
67 0.1879197007502341
68 0.1879197007502341
69 0.1879197007502341
70 0.1879197007502341
71 0.1879197007502341
72 0.1879197007502341
73 0.1879197007502341
74 0.1879197007502341
75 0.1879197007502341
76 0.1879197007502341
77 0.1879197007502341
78 0.16968925221891157
79 0.16968925221891157
80 0.16968925221891157
81 0.16968925221891157
82 0.16968925221891157
83 0.16968925221891157
84 0.16968925221891157
85 0.16968925221891157
86 0.16968925221891157
87 0.16968925221891157
88 0.16968925221891157
89 0.16968925221891157
90 0.16968925221891157
91 0.16968925221891157
92 0.16968925221891157
93 0.16968925221891157
94 0.16968925221891157
95 0.16968925221891157
96 0.16968925221891157
97 0.16968925221891157
98 0.16968925221891157
99 0.16968925221891157
100 0.16968925221891157
101 0.16968925221891157
102 0.16968925221891157
103 0.16968925221891157
104 0.16968925221891157
105 0.16968925221891157
106 0.16968925221891157
107 0.16968925221891157
108 0.16968925221891157
109 0.16968925221891157
110 0.16968925221891157
111 0.16968925221891157
112 0.16968925221891157
113 0.16968925221891157
114 0.16968925221891157
115 0.15758847143856006
116 0.15758847143856006
117 0.15758847143856006
118 0.15758847143856006
119 0.15758847143856006
120 0.15758847143856006
121 0.1570322306653168
122 0.1570322306653168
123 0.1570322306653168
124 0.13550070701437752
125 0.13550070701437752
126 0.13550070701437752
127 0.1350006283423544
128 0.1350006283423544
129 0.1350006283423544
130 0.1350006283423544
131 0.1350006283423544
132 0.1350006283423544
133 0.1350006283423544
134 0.1350006283423544
135 0.1350006283423544
136 0.1350006283423544
137 0.1350006283423544
138 0.1350006283423544
139 0.1350006283423544
140 0.13403123180541188
141 0.13403123180541188
142 0.1306900592906351
143 0.1306900592906351
144 0.12321078526847219
145 0.12321078526847219
146 0.12321078526847219
147 0.12321078526847219
148 0.12321078526847219
149 0.12321078526847219
150 0.12321078526847219
151 0.12321078526847219
152 0.12321078526847219
153 0.12321078526847219
154 0.12321078526847219
155 0.12321078526847219
156 0.12321078526847219
157 0.12321078526847219
158 0.12321078526847219
159 0.12321078526847219
160 0.12321078526847219
161 0.12321078526847219
162 0.12321078526847219
163 0.12321078526847219
164 0.12321078526847219
165 0.12321078526847219
166 0.12321078526847219
167 0.12321078526847219
168 0.12321078526847219
169 0.12321078526847219
170 0.12321078526847219
171 0.12321078526847219
172 0.12321078526847219
173 0.12321078526847219
174 0.12321078526847219
175 0.10174742532190884
176 0.10174742532190884
177 0.10174742532190884
178 0.10174742532190884
179 0.10174742532190884
180 0.10174742532190884
181 0.10174742532190884
182 0.10174742532190884
183 0.10174742532190884
184 0.10174742532190884
185 0.10174742532190884
186 0.10174742532190884
187 0.10174742532190884
188 0.10174742532190884
189 0.10174742532190884
190 0.10174742532190884
191 0.10174742532190884
192 0.10174742532190884
193 0.10174742532190884
194 0.10174742532190884
195 0.10174742532190884
196 0.10174742532190884
197 0.10174742532190884
198 0.10174742532190884
199 0.10174742532190884
200 0.10174742532190884
201 0.10174742532190884
202 0.10174742532190884
203 0.10174742532190884
204 0.10174742532190884
205 0.10174742532190884
206 0.10174742532190884
207 0.10174742532190884
208 0.10174742532190884
209 0.10174742532190884
210 0.10174742532190884
211 0.10174742532190884
212 0.10174742532190884
213 0.09734455552454774
214 0.09734455552454774
215 0.09734455552454774
216 0.09734455552454774
217 0.09734455552454774
218 0.09734455552454774
219 0.09734455552454774
220 0.09734455552454774
221 0.09734455552454774
222 0.09734455552454774
223 0.09611041232554289
224 0.09611041232554289
225 0.0899643555628107
226 0.0899643555628107
227 0.0899643555628107
228 0.07204586573774294
229 0.07204586573774294
230 0.07204586573774294
231 0.07204586573774294
232 0.06489132035110808
233 0.06489132035110808
234 0.06489132035110808
235 0.06489132035110808
236 0.06489132035110808
237 0.06489132035110808
238 0.06489132035110808
239 0.06489132035110808
240 0.06489132035110808
241 0.06489132035110808
242 0.06489132035110808
243 0.06489132035110808
244 0.06489132035110808
245 0.06489132035110808
246 0.06489132035110808
247 0.06489132035110808
248 0.06489132035110808
249 0.06489132035110808
250 0.06489132035110808
251 0.06489132035110808
252 0.06489132035110808
253 0.06489132035110808
254 0.06489132035110808
255 0.06489132035110808
256 0.06489132035110808
257 0.06489132035110808
258 0.06489132035110808
259 0.06489132035110808
260 0.06489132035110808
261 0.06489132035110808
262 0.06489132035110808
263 0.06489132035110808
264 0.06489132035110808
265 0.06489132035110808
266 0.06489132035110808
267 0.06489132035110808
268 0.06489132035110808
269 0.06489132035110808
270 0.06489132035110808
271 0.06489132035110808
272 0.06489132035110808
273 0.06489132035110808
274 0.06489132035110808
275 0.06243386403970359
276 0.06243386403970359
277 0.06243386403970359
278 0.06243386403970359
279 0.06243386403970359
280 0.05346605204609826
281 0.05346605204609826
282 0.05346605204609826
283 0.05346605204609826
284 0.05346605204609826
285 0.05346605204609826
286 0.05346605204609826
287 0.05346605204609826
288 0.05346605204609826
289 0.05346605204609826
290 0.05346605204609826
291 0.05346605204609826
292 0.05346605204609826
293 0.04989322709463089
294 0.04989322709463089
295 0.04989322709463089
296 0.04989322709463089
297 0.04989322709463089
298 0.04989322709463089
299 0.04989322709463089
300 0.04989322709463089
301 0.04989322709463089
302 0.04989322709463089
303 0.04989322709463089
304 0.04989322709463089
305 0.04989322709463089
306 0.04989322709463089
307 0.04989322709463089
308 0.04989322709463089
309 0.04989322709463089
310 0.04540795901081809
311 0.04520713214525951
312 0.04520713214525951
313 0.04520713214525951
314 0.04520713214525951
315 0.04520713214525951
316 0.04520713214525951
317 0.04520713214525951
318 0.04520713214525951
319 0.04520713214525951
320 0.04520713214525951
321 0.04520713214525951
322 0.04520713214525951
323 0.04520713214525951
324 0.04520713214525951
325 0.04520713214525951
326 0.04520713214525951
327 0.04520713214525951
328 0.04520713214525951
329 0.04520713214525951
330 0.04520713214525951
331 0.04520713214525951
332 0.04520713214525951
333 0.04520713214525951
334 0.04520713214525951
335 0.04520713214525951
336 0.04520713214525951
337 0.04520713214525951
338 0.04520713214525951
339 0.04520713214525951
340 0.04520713214525951
341 0.04520713214525951
342 0.04520713214525951
343 0.04520713214525951
344 0.04520713214525951
345 0.04520713214525951
346 0.04520713214525951
347 0.04520713214525951
348 0.04520713214525951
349 0.04520713214525951
350 0.04520713214525951
351 0.04520713214525951
352 0.04520713214525951
353 0.04520713214525951
354 0.04520713214525951
355 0.04520713214525951
356 0.04520713214525951
357 0.04520713214525951
358 0.04520713214525951
359 0.04520713214525951
360 0.04520713214525951
361 0.04520713214525951
362 0.04520713214525951
363 0.04520713214525951
364 0.04520713214525951
365 0.04520713214525951
366 0.04520713214525951
367 0.04520713214525951
368 0.04520713214525951
369 0.04520713214525951
370 0.04520713214525951
371 0.04520713214525951
372 0.04520713214525951
373 0.04520713214525951
374 0.04520713214525951
375 0.04520713214525951
376 0.04520713214525951
377 0.04520713214525951
378 0.04520713214525951
379 0.04520713214525951
380 0.04520713214525951
381 0.04520713214525951
382 0.04520713214525951
383 0.04520713214525951
384 0.04520713214525951
385 0.04520713214525951
386 0.04520713214525951
387 0.04520713214525951
388 0.04520713214525951
389 0.04520713214525951
390 0.04520713214525951
391 0.04520713214525951
392 0.04520713214525951
393 0.04520713214525951
394 0.04520713214525951
395 0.04520713214525951
396 0.04520713214525951
397 0.04520713214525951
398 0.04520713214525951
399 0.04520713214525951
400 0.04520713214525951
401 0.04520713214525951
402 0.04520713214525951
403 0.04520713214525951
404 0.04520713214525951
405 0.04520713214525951
406 0.04520713214525951
407 0.04520713214525951
408 0.04520713214525951
409 0.04520713214525951
410 0.04520713214525951
411 0.04520713214525951
412 0.04520713214525951
413 0.04520713214525951
414 0.04520713214525951
415 0.04520713214525951
416 0.04520713214525951
417 0.04520713214525951
418 0.04520713214525951
419 0.04520713214525951
420 0.04520713214525951
421 0.04520713214525951
422 0.04520713214525951
423 0.04520713214525951
424 0.04520713214525951
425 0.04520713214525951
426 0.04520713214525951
427 0.04520713214525951
428 0.04520713214525951
429 0.04520713214525951
430 0.04520713214525951
431 0.04520713214525951
432 0.04520713214525951
433 0.04520713214525951
434 0.04520713214525951
435 0.04520713214525951
436 0.04520713214525951
437 0.04520713214525951
438 0.04520713214525951
439 0.04520713214525951
440 0.04520713214525951
441 0.04520713214525951
442 0.04520713214525951
443 0.04520713214525951
444 0.04520713214525951
445 0.04520713214525951
446 0.04520713214525951
447 0.04520713214525951
448 0.04520713214525951
449 0.04520713214525951
450 0.04520713214525951
451 0.04520713214525951
452 0.04520713214525951
453 0.04520713214525951
454 0.04520713214525951
455 0.04520713214525951
456 0.04419109777064956
457 0.04023815120974658
458 0.04023815120974658
459 0.04023815120974658
460 0.04023815120974658
461 0.04023815120974658
462 0.035414802473780004
463 0.035414802473780004
464 0.035414802473780004
465 0.035414802473780004
466 0.029643775926094545
467 0.029643775926094545
468 0.029643775926094545
469 0.029643775926094545
470 0.029643775926094545
471 0.029643775926094545
472 0.029643775926094545
473 0.029643775926094545
474 0.029643775926094545
475 0.029643775926094545
476 0.029643775926094545
477 0.029643775926094545
478 0.029643775926094545
479 0.029643775926094545
480 0.029643775926094545
481 0.029643775926094545
482 0.029643775926094545
483 0.029643775926094545
484 0.029643775926094545
485 0.029643775926094545
486 0.029643775926094545
487 0.029643775926094545
488 0.029643775926094545
489 0.029643775926094545
490 0.029643775926094545
491 0.029643775926094545
492 0.029643775926094545
493 0.029643775926094545
494 0.029643775926094545
495 0.029643775926094545
496 0.029643775926094545
497 0.029643775926094545
498 0.029643775926094545
499 0.029643775926094545
500 0.029643775926094545
501 0.029643775926094545
502 0.029643775926094545
503 0.029643775926094545
504 0.029643775926094545
505 0.029643775926094545
506 0.029643775926094545
507 0.029643775926094545
508 0.029643775926094545
509 0.029643775926094545
510 0.029643775926094545
511 0.029643775926094545
512 0.029643775926094545
513 0.029643775926094545
514 0.029643775926094545
515 0.029643775926094545
516 0.029643775926094545
517 0.029643775926094545
518 0.029643775926094545
519 0.029643775926094545
520 0.029643775926094545
521 0.029643775926094545
522 0.029643775926094545
523 0.02600700344035871
524 0.024770606143650845
525 0.024770606143650845
526 0.01816703437068005
527 0.01816703437068005
528 0.01816703437068005
529 0.01816703437068005
530 0.016621021591336632
531 0.016621021591336632
532 0.016621021591336632
533 0.016621021591336632
534 0.016621021591336632
535 0.016621021591336632
536 0.016621021591336632
537 0.016621021591336632
538 0.016621021591336632
539 0.016621021591336632
540 0.016621021591336632
541 0.016621021591336632
542 0.016621021591336632
543 0.016621021591336632
544 0.016621021591336632
545 0.016621021591336632
546 0.016621021591336632
547 0.016621021591336632
548 0.016621021591336632
549 0.016621021591336632
550 0.016621021591336632
551 0.016621021591336632
552 0.016621021591336632
553 0.016621021591336632
554 0.016621021591336632
555 0.016621021591336632
556 0.016621021591336632
557 0.016621021591336632
558 0.016621021591336632
559 0.016621021591336632
560 0.016621021591336632
561 0.016621021591336632
562 0.016621021591336632
563 0.016621021591336632
564 0.016621021591336632
565 0.016621021591336632
566 0.016621021591336632
567 0.016621021591336632
568 0.016621021591336632
569 0.016621021591336632
570 0.016621021591336632
571 0.016621021591336632
572 0.016621021591336632
573 0.016621021591336632
574 0.016621021591336632
575 0.016621021591336632
576 0.016621021591336632
577 0.016621021591336632
578 0.016621021591336632
579 0.016621021591336632
580 0.016621021591336632
581 0.016621021591336632
582 0.016621021591336632
583 0.016621021591336632
584 0.016621021591336632
585 0.016621021591336632
586 0.016621021591336632
587 0.016621021591336632
588 0.016621021591336632
589 0.016621021591336632
590 0.016621021591336632
591 0.016621021591336632
592 0.016621021591336632
593 0.016621021591336632
594 0.016621021591336632
595 0.016621021591336632
596 0.016621021591336632
597 0.016621021591336632
598 0.016621021591336632
599 0.016621021591336632
600 0.016621021591336632
601 0.016621021591336632
602 0.016621021591336632
603 0.016621021591336632
604 0.016621021591336632
605 0.016621021591336632
606 0.016621021591336632
607 0.016621021591336632
608 0.016621021591336632
609 0.016621021591336632
610 0.016621021591336632
611 0.016621021591336632
612 0.016621021591336632
613 0.016621021591336632
614 0.016621021591336632
615 0.016621021591336632
616 0.016621021591336632
617 0.016621021591336632
618 0.016621021591336632
619 0.016621021591336632
620 0.016621021591336632
621 0.016621021591336632
622 0.016621021591336632
623 0.016621021591336632
624 0.016621021591336632
625 0.016621021591336632
626 0.016621021591336632
627 0.016621021591336632
628 0.016621021591336632
629 0.016621021591336632
630 0.016621021591336632
631 0.016621021591336632
632 0.016621021591336632
633 0.016621021591336632
634 0.016621021591336632
635 0.016621021591336632
636 0.016621021591336632
637 0.016621021591336632
638 0.016621021591336632
639 0.016621021591336632
640 0.016621021591336632
641 0.016621021591336632
642 0.016621021591336632
643 0.016621021591336632
644 0.016621021591336632
645 0.016621021591336632
646 0.016621021591336632
647 0.016621021591336632
648 0.016621021591336632
649 0.016621021591336632
650 0.016621021591336632
651 0.016621021591336632
652 0.016621021591336632
653 0.016621021591336632
654 0.016621021591336632
655 0.016621021591336632
656 0.016621021591336632
657 0.016621021591336632
658 0.016621021591336632
659 0.016621021591336632
660 0.016621021591336632
661 0.016621021591336632
662 0.016621021591336632
663 0.016621021591336632
664 0.016621021591336632
665 0.016621021591336632
666 0.016621021591336632
667 0.016621021591336632
668 0.016621021591336632
669 0.016621021591336632
670 0.016621021591336632
671 0.016621021591336632
672 0.016621021591336632
673 0.016621021591336632
674 0.016621021591336632
675 0.016621021591336632
676 0.016621021591336632
677 0.016621021591336632
678 0.016621021591336632
679 0.016621021591336632
680 0.016621021591336632
681 0.016621021591336632
682 0.016621021591336632
683 0.016621021591336632
684 0.016621021591336632
685 0.016621021591336632
686 0.016621021591336632
687 0.016621021591336632
688 0.016621021591336632
689 0.016621021591336632
690 0.016621021591336632
691 0.016621021591336632
692 0.016621021591336632
693 0.016621021591336632
694 0.016621021591336632
695 0.016621021591336632
696 0.016621021591336632
697 0.016621021591336632
698 0.016621021591336632
699 0.016621021591336632
700 0.016621021591336632
701 0.016621021591336632
702 0.016621021591336632
703 0.016621021591336632
704 0.016621021591336632
705 0.016621021591336632
706 0.016621021591336632
707 0.015302164496220648
708 0.015302164496220648
709 0.015302164496220648
710 0.015302164496220648
711 0.015302164496220648
712 0.015302164496220648
713 0.015302164496220648
714 0.015302164496220648
715 0.015302164496220648
716 0.015302164496220648
717 0.015302164496220648
718 0.015302164496220648
719 0.015302164496220648
720 0.015302164496220648
721 0.015302164496220648
722 0.015302164496220648
723 0.015302164496220648
724 0.015302164496220648
725 0.015302164496220648
726 0.015302164496220648
727 0.015302164496220648
728 0.015302164496220648
729 0.015302164496220648
730 0.015302164496220648
731 0.015302164496220648
732 0.015302164496220648
733 0.015302164496220648
734 0.013250438188744698
735 0.013250438188744698
736 0.013250438188744698
737 0.013250438188744698
738 0.013250438188744698
739 0.013250438188744698
740 0.012134299467485458
741 0.012134299467485458
742 0.012134299467485458
743 0.012134299467485458
744 0.012134299467485458
745 0.012134299467485458
746 0.012134299467485458
747 0.012134299467485458
748 0.012134299467485458
749 0.012134299467485458
750 0.012134299467485458
751 0.012134299467485458
752 0.012134299467485458
753 0.012134299467485458
754 0.012134299467485458
755 0.012134299467485458
756 0.012134299467485458
757 0.012134299467485458
758 0.012134299467485458
759 0.012134299467485458
760 0.012134299467485458
761 0.012134299467485458
762 0.012134299467485458
763 0.012134299467485458
764 0.012134299467485458
765 0.012134299467485458
766 0.012134299467485458
767 0.012134299467485458
768 0.012134299467485458
769 0.012134299467485458
770 0.012134299467485458
771 0.012134299467485458
772 0.012134299467485458
773 0.012134299467485458
774 0.012134299467485458
775 0.012134299467485458
776 0.012134299467485458
777 0.012134299467485458
778 0.012134299467485458
779 0.012134299467485458
780 0.012134299467485458
781 0.012134299467485458
782 0.012134299467485458
783 0.012134299467485458
784 0.012134299467485458
785 0.012134299467485458
786 0.012134299467485458
787 0.012134299467485458
788 0.012134299467485458
789 0.012134299467485458
790 0.012134299467485458
791 0.012134299467485458
792 0.012134299467485458
793 0.012134299467485458
794 0.012134299467485458
795 0.012134299467485458
796 0.012134299467485458
797 0.012134299467485458
798 0.012134299467485458
799 0.012134299467485458
800 0.012134299467485458
801 0.012134299467485458
802 0.012134299467485458
803 0.012134299467485458
804 0.012134299467485458
805 0.012134299467485458
806 0.012134299467485458
807 0.012134299467485458
808 0.012134299467485458
809 0.012134299467485458
810 0.012134299467485458
811 0.012134299467485458
812 0.012134299467485458
813 0.012134299467485458
814 0.012134299467485458
815 0.012134299467485458
816 0.012134299467485458
817 0.012134299467485458
818 0.012134299467485458
819 0.012134299467485458
820 0.012134299467485458
821 0.012134299467485458
822 0.012134299467485458
823 0.012134299467485458
824 0.012134299467485458
825 0.012134299467485458
826 0.012134299467485458
827 0.012134299467485458
828 0.012134299467485458
829 0.012134299467485458
830 0.012134299467485458
831 0.012134299467485458
832 0.012134299467485458
833 0.012134299467485458
834 0.012134299467485458
835 0.012134299467485458
836 0.012134299467485458
837 0.012134299467485458
838 0.012134299467485458
839 0.012134299467485458
840 0.012134299467485458
841 0.012134299467485458
842 0.012134299467485458
843 0.012134299467485458
844 0.012134299467485458
845 0.012134299467485458
846 0.012134299467485458
847 0.012134299467485458
848 0.012134299467485458
849 0.012134299467485458
850 0.012134299467485458
851 0.012134299467485458
852 0.012134299467485458
853 0.012134299467485458
854 0.012134299467485458
855 0.012134299467485458
856 0.012134299467485458
857 0.012134299467485458
858 0.010607227374400221
859 0.010607227374400221
860 0.010607227374400221
861 0.008822874401100344
862 0.00822850665708227
863 0.00822850665708227
864 0.00822850665708227
865 0.00822850665708227
866 0.00822850665708227
867 0.00822850665708227
868 0.00822850665708227
869 0.00822850665708227
870 0.00822850665708227
871 0.00822850665708227
872 0.00822850665708227
873 0.00822850665708227
874 0.00822850665708227
875 0.00822850665708227
876 0.00822850665708227
877 0.005763558936939051
878 0.005763558936939051
879 0.005763558936939051
880 0.005418446986111789
881 0.005418446986111789
882 0.005418446986111789
883 0.005418446986111789
884 0.005418446986111789
885 0.005418446986111789
886 0.005418446986111789
887 0.005418446986111789
888 0.005418446986111789
889 0.005418446986111789
890 0.005418446986111789
891 0.005418446986111789
892 0.005418446986111789
893 0.005418446986111789
894 0.005418446986111789
895 0.005418446986111789
896 0.005418446986111789
897 0.005418446986111789
898 0.005418446986111789
899 0.005418446986111789
900 0.005418446986111789
901 0.005418446986111789
902 0.005418446986111789
903 0.005418446986111789
904 0.005418446986111789
905 0.005418446986111789
906 0.005418446986111789
907 0.005418446986111789
908 0.005418446986111789
909 0.005418446986111789
910 0.005418446986111789
911 0.004908705143997526
912 0.004436080033835794
913 0.004436080033835794
914 0.004436080033835794
915 0.004436080033835794
916 0.004436080033835794
917 0.004436080033835794
918 0.0031981291125876975
919 0.0031981291125876975
920 0.0031981291125876975
921 0.0031981291125876975
922 0.0031981291125876975
923 0.0031981291125876975
924 0.0031981291125876975
925 0.0031981291125876975
926 0.0031981291125876975
927 0.0031981291125876975
928 0.0031981291125876975
929 0.0031981291125876975
930 0.0031981291125876975
931 0.0031981291125876975
932 0.0028236130422351706
933 0.0028236130422351706
934 0.0028236130422351706
935 0.0028236130422351706
936 0.0028236130422351706
937 0.0028236130422351706
938 0.0028236130422351706
939 0.0028236130422351706
940 0.0028236130422351706
941 0.0028236130422351706
942 0.0028236130422351706
943 0.0028236130422351706
944 0.0028236130422351706
945 0.0028236130422351706
946 0.0028236130422351706
947 0.0028236130422351706
948 0.0028236130422351706
949 0.0028236130422351706
950 0.0028236130422351706
951 0.0028236130422351706
952 0.0028236130422351706
953 0.0028236130422351706
954 0.0028236130422351706
955 0.0028236130422351706
956 0.0028236130422351706
957 0.0028236130422351706
958 0.0028236130422351706
959 0.0028236130422351706
960 0.0028236130422351706
961 0.0028236130422351706
962 0.0028236130422351706
963 0.0028236130422351706
964 0.0028236130422351706
965 0.0028236130422351706
966 0.0028236130422351706
967 0.0028236130422351706
968 0.0028236130422351706
969 0.0028236130422351706
970 0.0028236130422351706
971 0.0028236130422351706
972 0.0028236130422351706
973 0.0028236130422351706
974 0.0028236130422351706
975 0.0028236130422351706
976 0.0028236130422351706
977 0.0025709705495724224
978 0.0018811007038279715
979 0.0018811007038279715
980 0.001056457752240392
981 8.591132267057183E-4