1 0.25219416492855423
2 0.2521497268305875
3 0.251979528491374
4 0.2516746092235783
5 0.2511964844906403
6 0.25052419413867033
7 0.24957117928230163
8 0.2483025960682428
9 0.2468125897185183
10 0.24515644029899458
11 0.2433548816764348
12 0.24138452450987866
13 0.2394003352229597
14 0.2380154692788226
15 0.23613509123096044
16 0.23363292258401
17 0.23186876039373935
18 0.23074426036179757
19 0.22930936889668257
20 0.22774234696004475
21 0.22774234696004475
22 0.22437462477797998
23 0.22385203122474043
24 0.2215011651200865
25 0.22068670988482406
26 0.2188237362691372
27 0.21585522657849396
28 0.21538910833024208
29 0.21492081107497654
30 0.21140163508494403
31 0.21140163508494403
32 0.2109324630804696
33 0.20688492319604418
34 0.20688492319604418
35 0.20688492319604418
36 0.20688492319604418
37 0.20688492319604418
38 0.20454304189685693
39 0.20454304189685693
40 0.20342598673134457
41 0.20342598673134457
42 0.20289990550348358
43 0.20289990550348358
44 0.19500383199300964
45 0.19249676900024143
46 0.19249676900024143
47 0.19249676900024143
48 0.19249676900024143
49 0.19249676900024143
50 0.19249676900024143
51 0.19249676900024143
52 0.19249676900024143
53 0.19249676900024143
54 0.18898049559735852
55 0.18361230683721852
56 0.18361230683721852
57 0.18361230683721852
58 0.18361230683721852
59 0.18133144660968542
60 0.18133144660968542
61 0.17565840559017665
62 0.17565840559017665
63 0.17565840559017665
64 0.17565840559017665
65 0.17565840559017665
66 0.17565840559017665
67 0.17448592119675452
68 0.17356920449120705
69 0.17356920449120705
70 0.167077299476018
71 0.1643272033144903
72 0.1643272033144903
73 0.16156521478392138
74 0.16156521478392138
75 0.16156521478392138
76 0.16156521478392138
77 0.16156521478392138
78 0.16156521478392138
79 0.16156521478392138
80 0.16156521478392138
81 0.16156521478392138
82 0.15778264796066443
83 0.15778264796066443
84 0.15778264796066443
85 0.15778264796066443
86 0.15778264796066443
87 0.15778264796066443
88 0.1532914392176265
89 0.1532914392176265
90 0.1532914392176265
91 0.1532914392176265
92 0.14773927570008658
93 0.1443576638975578
94 0.1443576638975578
95 0.1419998878370579
96 0.1419998878370579
97 0.1346790717112548
98 0.1336342912461067
99 0.13180264166587854
100 0.12956694981909456
101 0.12784919610296444
102 0.12643913653711353
103 0.12477278464184788
104 0.12293002868068424
105 0.1209543419973002
106 0.11887246851921206
107 0.11666190633716271
108 0.11419573164406467
109 0.1114057220472558
110 0.10948097604547914
111 0.10789831079674157
112 0.10535082986998288
113 0.10496175663031439
114 0.10306184720121783
115 0.09931794585306909
116 0.09931794585306909
117 0.09931794585306909
118 0.09931794585306909
119 0.09931794585306909
120 0.09931794585306909
121 0.09931794585306909
122 0.09931794585306909
123 0.09931794585306909
124 0.09931794585306909
125 0.09931794585306909
126 0.09931794585306909
127 0.09931794585306909
128 0.09931794585306909
129 0.09931794585306909
130 0.09931794585306909
131 0.09931794585306909
132 0.09931794585306909
133 0.09931794585306909
134 0.09931794585306909
135 0.09931794585306909
136 0.09931794585306909
137 0.09931794585306909
138 0.09931794585306909
139 0.09931794585306909
140 0.09931794585306909
141 0.09931794585306909
142 0.09931794585306909
143 0.08377613301583013
144 0.08377613301583013
145 0.08377613301583013
146 0.08377613301583013
147 0.08377613301583013
148 0.08377613301583013
149 0.08377613301583013
150 0.08377613301583013
151 0.08377613301583013
152 0.08377613301583013
153 0.08377613301583013
154 0.08377613301583013
155 0.08377613301583013
156 0.08377613301583013
157 0.08377613301583013
158 0.08377613301583013
159 0.08377613301583013
160 0.08377613301583013
161 0.08377613301583013
162 0.08377613301583013
163 0.08377613301583013
164 0.08377613301583013
165 0.08377613301583013
166 0.08377613301583013
167 0.08377613301583013
168 0.08377613301583013
169 0.08377613301583013
170 0.08377613301583013
171 0.08377613301583013
172 0.08377613301583013
173 0.08377613301583013
174 0.08377613301583013
175 0.08377613301583013
176 0.08377613301583013
177 0.08377613301583013
178 0.08377613301583013
179 0.08377613301583013
180 0.08377613301583013
181 0.08377613301583013
182 0.08377613301583013
183 0.08377613301583013
184 0.08020346593669615
185 0.08020346593669615
186 0.07462769881260817
187 0.07462769881260817
188 0.07462769881260817
189 0.07462769881260817
190 0.07462769881260817
191 0.06359896012260313
192 0.06359896012260313
193 0.06359896012260313
194 0.06359896012260313
195 0.06359896012260313
196 0.06359896012260313
197 0.06359896012260313
198 0.06359896012260313
199 0.06359896012260313
200 0.06359896012260313
201 0.06359896012260313
202 0.06359896012260313
203 0.06359896012260313
204 0.06359896012260313
205 0.062380249788786646
206 0.05894839803330357
207 0.05652904239655722
208 0.05500261587216122
209 0.05331722365919825
210 0.052138956439164864
211 0.05047772432819584
212 0.04847692002200485
213 0.04644669471288725
214 0.0442335829482339
215 0.042486166798701396
216 0.04195490951747197
217 0.041389445141739686
218 0.03974372002127417
219 0.03816031625025851
220 0.037061083409765966
221 0.036010882982616635
222 0.035034874843284006
223 0.03402664089383619
224 0.03314231127219485
225 0.03226021897343891
226 0.03129780432848853
227 0.030317128227513954
228 0.029210275731896898
229 0.02801547105174362
230 0.026776783306397888
231 0.025661236164725477
232 0.024772339578880365
233 0.02403970370012566
234 0.023384682857530745
235 0.022767329149069974
236 0.02218286167183966
237 0.02162576112759041
238 0.021096265485092327
239 0.020591497619476953
240 0.020108330719286752
241 0.019642817854375463
242 0.019190661212378054
243 0.01874755634298943
244 0.018309577950472965
245 0.017873562115946602
246 0.01743738234735086
247 0.017000033320701567
248 0.016561508242808262
249 0.01612253195099742
250 0.01568424523986402
251 0.015247921984741385
252 0.014814765040949267
253 0.014385793580968288
254 0.013961812351552342
255 0.013543441578862501
256 0.013131182246563464
257 0.012725492954848294
258 0.012326859323932177
259 0.011935842839415588
260 0.011553101971304748
261 0.011179384378688354
262 0.01081549530662335
263 0.010462252635202224
264 0.010120440124003531
265 0.00979076448277267
266 0.009473812039452753
267 0.009169997973183047
268 0.008879516056405698
269 0.008602319803584649
270 0.008338154787409775
271 0.00808659392052993
272 0.007846998716420537
273 0.007618453023044654
274 0.0073998163352050166
275 0.00718989344226863
276 0.006987562871459991
277 0.006791798869596642
278 0.006601646959106451
279 0.006416206079333804
280 0.006234622821511758
281 0.006056088952432557
282 0.005879839343601869
283 0.005705152136331723
284 0.0055313526821010196
285 0.0053578208850501895
286 0.005184000434540714
287 0.0050094083625763525
288 0.004833643864078869
289 0.004656395892130394
290 0.004477449459150884
291 0.004296690796526985
292 0.004114111584032594
293 0.00392981240233403
294 0.0037440054198723083
295 0.003557016120331369
296 0.0033692836293892567
297 0.0031813589425438277
298 0.002993900141613467
299 0.0028076635840913085
300 0.0026234901271438684
301 0.002442285757394719
302 0.0022649965462328506
303 0.002092578585817136
304 0.0019259643695423976
305 0.0017660278063414041
306 0.001613550538650126
307 0.001469192345154549
308 0.0013334681029062555
309 0.001206733102433557
310 0.001089177579182053
311 9.808303179341643E-4
