1 0.25142011836765116
2 0.2509860727316733
3 0.25056753269666254
4 0.2500680370875832
5 0.24940121733691095
6 0.24853496735116049
7 0.24738487379259255
8 0.2459565466080131
9 0.2443448300136086
10 0.24258966726049552
11 0.24062716785864963
12 0.23865869356041644
13 0.23670836225044073
14 0.2348912005454659
15 0.2332942142785256
16 0.23185220201716547
17 0.2300221272575214
18 0.2288391135828393
19 0.22616403725392456
20 0.22569329417968825
21 0.22569329417968825
22 0.22132877373105198
23 0.22132877373105198
24 0.22013908693042997
25 0.2162523134525755
26 0.21569850954418537
27 0.21569850954418537
28 0.21569850954418537
29 0.21200544460036205
30 0.21200544460036205
31 0.2117050178859407
32 0.20418029697032117
33 0.20418029697032117
34 0.20418029697032117
35 0.20418029697032117
36 0.1997668510489591
37 0.1997668510489591
38 0.19781562886285373
39 0.19781562886285373
40 0.1945812357029227
41 0.1945812357029227
42 0.1945812357029227
43 0.1945812357029227
44 0.1945812357029227
45 0.1827713587907133
46 0.1827713587907133
47 0.1827713587907133
48 0.1827713587907133
49 0.1827713587907133
50 0.1827713587907133
51 0.1827713587907133
52 0.1827713587907133
53 0.17287044014954717
54 0.17287044014954717
55 0.17287044014954717
56 0.1689745969757658
57 0.16381613298138145
58 0.16381613298138145
59 0.16381613298138145
60 0.16381613298138145
61 0.16381613298138145
62 0.16381613298138145
63 0.16381613298138145
64 0.16381613298138145
65 0.16058990907343265
66 0.1592076851383548
67 0.15410470088706926
68 0.15410470088706926
69 0.1461058996713169
70 0.1461058996713169
71 0.1461058996713169
72 0.1461058996713169
73 0.1461058996713169
74 0.1461058996713169
75 0.1461058996713169
76 0.14152770401211046
77 0.14152770401211046
78 0.14125800762654825
79 0.12485938767556727
80 0.12351180574041744
81 0.12351180574041744
82 0.12351180574041744
83 0.12351180574041744
84 0.12351180574041744
85 0.12351180574041744
86 0.12351180574041744
87 0.12351180574041744
88 0.12351180574041744
89 0.12351180574041744
90 0.12351180574041744
91 0.11820239572416553
92 0.11820239572416553
93 0.11820239572416553
94 0.11820239572416553
95 0.11820239572416553
96 0.11820239572416553
97 0.11417011687040098
98 0.11417011687040098
99 0.11273656353854065
100 0.11031818867645932
101 0.10186351689965106
102 0.09969184806798632
103 0.09969184806798632
104 0.09969184806798632
105 0.09749230062042336
106 0.09749230062042336
107 0.09681768941671387
108 0.09432636740030514
109 0.09432636740030514
110 0.0932158992219385
111 0.09080484533757474
112 0.09080484533757474
113 0.09080484533757474
114 0.09080484533757474
115 0.09080484533757474
116 0.09080484533757474
117 0.09080484533757474
118 0.09080484533757474
119 0.09080484533757474
120 0.09080484533757474
121 0.09080484533757474
122 0.09080484533757474
123 0.09080484533757474
124 0.09080484533757474
125 0.09080484533757474
126 0.09080484533757474
127 0.09080484533757474
128 0.09080484533757474
129 0.09080484533757474
130 0.09080484533757474
131 0.09080484533757474
132 0.09080484533757474
133 0.09080484533757474
134 0.09080484533757474
135 0.09035881612199802
136 0.09018010095450903
137 0.08898845464797168
138 0.08169837393926696
139 0.08168223673584428
140 0.07731921250389882
141 0.07731921250389882
142 0.07731921250389882
143 0.07731921250389882
144 0.07731921250389882
145 0.07731921250389882
146 0.07731921250389882
147 0.07731921250389882
148 0.07731921250389882
149 0.07731921250389882
150 0.07731921250389882
151 0.07731921250389882
152 0.07731921250389882
153 0.07731921250389882
154 0.07731921250389882
155 0.07731921250389882
156 0.07731921250389882
157 0.07731921250389882
158 0.07731921250389882
159 0.07731921250389882
160 0.07731921250389882
161 0.07731921250389882
162 0.07731921250389882
163 0.07731921250389882
164 0.07731921250389882
165 0.07731921250389882
166 0.07731921250389882
167 0.07731921250389882
168 0.07731921250389882
169 0.07731921250389882
170 0.07731921250389882
171 0.07731921250389882
172 0.07731921250389882
173 0.07731921250389882
174 0.07731921250389882
175 0.07731921250389882
176 0.07731921250389882
177 0.07731921250389882
178 0.07419770762833741
179 0.0712520113159103
180 0.0681814365901077
181 0.06500895670073738
182 0.06283541379464563
183 0.06229054642513327
184 0.06229054642513327
185 0.06080103925209776
186 0.0601653231154358
187 0.0601653231154358
188 0.05793422226285968
189 0.05793422226285968
190 0.05492731308726543
191 0.05482596110985109
192 0.05386495520802889
193 0.052886916683152985
194 0.05283269940641714
195 0.05089056732238062
196 0.04950799744246298
197 0.04843996503156121
198 0.04843996503156121
199 0.04843996503156121
200 0.04843996503156121
201 0.04843996503156121
202 0.04843996503156121
203 0.04843996503156121
204 0.04843996503156121
205 0.04843996503156121
206 0.04843996503156121
207 0.04843996503156121
208 0.04843996503156121
209 0.04843996503156121
210 0.04843996503156121
211 0.04843996503156121
212 0.04843996503156121
213 0.04843996503156121
214 0.04843996503156121
215 0.04843996503156121
216 0.04843996503156121
217 0.04697738666590358
218 0.04508689581366133
219 0.04508689581366133
220 0.04508689581366133
221 0.04407071682628419
222 0.04375848857750399
223 0.04375848857750399
224 0.04375848857750399
225 0.04375848857750399
226 0.04375848857750399
227 0.04375848857750399
228 0.04375848857750399
229 0.04375848857750399
230 0.04375848857750399
231 0.04375848857750399
232 0.04375848857750399
233 0.04375848857750399
234 0.04375848857750399
235 0.04375848857750399
236 0.04375848857750399
237 0.040196097939049234
238 0.040196097939049234
239 0.040196097939049234
240 0.040196097939049234
241 0.040196097939049234
242 0.040196097939049234
243 0.040196097939049234
244 0.040196097939049234
245 0.040196097939049234
246 0.040196097939049234
247 0.040196097939049234
248 0.040196097939049234
249 0.040196097939049234
250 0.040196097939049234
251 0.040196097939049234
252 0.040196097939049234
253 0.040196097939049234
254 0.040196097939049234
255 0.040196097939049234
256 0.040196097939049234
257 0.040196097939049234
258 0.040196097939049234
259 0.040196097939049234
260 0.040196097939049234
261 0.040196097939049234
262 0.040196097939049234
263 0.040196097939049234
264 0.040196097939049234
265 0.040196097939049234
266 0.040196097939049234
267 0.040196097939049234
268 0.040196097939049234
269 0.040196097939049234
270 0.040196097939049234
271 0.040196097939049234
272 0.040196097939049234
273 0.040196097939049234
274 0.040196097939049234
275 0.040196097939049234
276 0.040196097939049234
277 0.040196097939049234
278 0.040196097939049234
279 0.040196097939049234
280 0.040196097939049234
281 0.040196097939049234
282 0.040196097939049234
283 0.040196097939049234
284 0.040196097939049234
285 0.040196097939049234
286 0.040196097939049234
287 0.040196097939049234
288 0.040196097939049234
289 0.040196097939049234
290 0.040196097939049234
291 0.040196097939049234
292 0.040196097939049234
293 0.040196097939049234
294 0.040196097939049234
295 0.040196097939049234
296 0.040196097939049234
297 0.040196097939049234
298 0.040196097939049234
299 0.040196097939049234
300 0.040196097939049234
301 0.040196097939049234
302 0.040196097939049234
303 0.040196097939049234
304 0.040196097939049234
305 0.040196097939049234
306 0.040196097939049234
307 0.040196097939049234
308 0.040196097939049234
309 0.040196097939049234
310 0.040196097939049234
311 0.040196097939049234
312 0.040196097939049234
313 0.040196097939049234
314 0.040196097939049234
315 0.040196097939049234
316 0.040196097939049234
317 0.040196097939049234
318 0.040196097939049234
319 0.040196097939049234
320 0.040196097939049234
321 0.040196097939049234
322 0.040196097939049234
323 0.040196097939049234
324 0.040196097939049234
325 0.040196097939049234
326 0.040196097939049234
327 0.040196097939049234
328 0.040196097939049234
329 0.040196097939049234
330 0.03520961058672852
331 0.03520961058672852
332 0.03520961058672852
333 0.03520961058672852
334 0.03458304350697692
335 0.03458304350697692
336 0.03458304350697692
337 0.03458304350697692
338 0.03458304350697692
339 0.03458304350697692
340 0.03458304350697692
341 0.03458304350697692
342 0.03345568450498623
343 0.032169375317741965
344 0.032169375317741965
345 0.032169375317741965
346 0.032169375317741965
347 0.032169375317741965
348 0.032169375317741965
349 0.032169375317741965
350 0.032169375317741965
351 0.032169375317741965
352 0.032169375317741965
353 0.032169375317741965
354 0.032169375317741965
355 0.032169375317741965
356 0.032169375317741965
357 0.032169375317741965
358 0.032169375317741965
359 0.032169375317741965
360 0.032169375317741965
361 0.032169375317741965
362 0.032169375317741965
363 0.032169375317741965
364 0.032169375317741965
365 0.032169375317741965
366 0.032169375317741965
367 0.032169375317741965
368 0.032169375317741965
369 0.032169375317741965
370 0.032169375317741965
371 0.032169375317741965
372 0.032169375317741965
373 0.032169375317741965
374 0.032169375317741965
375 0.03152181745142472
376 0.03046287190938999
377 0.02944376837738599
378 0.028400258662328724
379 0.027333438111024854
380 0.026259471991399146
381 0.025199411203669038
382 0.024170799127754987
383 0.0231872624189453
384 0.0222589388833507
385 0.02139220314928142
386 0.020589400970439858
387 0.019849033524915415
388 0.01916648555357036
389 0.01853502121493936
390 0.01794671222160896
391 0.017393144098060004
392 0.016865919036969174
393 0.016357051283958264
394 0.0158593557452571
395 0.015366893073985251
396 0.014875469402155922
397 0.014383107551220641
398 0.013890332563117254
399 0.013400089925509387
400 0.012917185440911147
401 0.012447306712694787
402 0.011995882347946614
403 0.011567126998513474
404 0.011163531814556277
405 0.010785849007146728
406 0.010433429105930625
407 0.010104699171845258
408 0.009797612264725508
409 0.009509984271301371
410 0.009239705395673595
411 0.008984850293553037
412 0.00874371984402998
413 0.008514842709599645
414 0.008296956268700846
415 0.00808897896302152
416 0.00788998082727627
417 0.007699155701452776
418 0.00751579674298897
419 0.007339275819787996
420 0.00716902681090145
421 0.007004532553669398
422 0.006845315034405014
423 0.006690928360686186
424 0.00654095404267321
425 0.006394998128090105
426 0.006252689766111901
427 0.0061136808080599426
428 0.005977646079210532
429 0.005844283971789831
430 0.005713317014498128
431 0.00558449207304384
432 0.005457579836266332
433 0.005332373251245624
434 0.005208684594883201
435 0.00508634091332387
436 0.004965177627580421
437 0.0048450301981041305
438 0.004725723870678606
439 0.004607061704049167
440 0.004488811323675873
441 0.004370691173479082
442 0.004252357457531708
443 0.0041333934649003265
444 0.0040133035069080504
445 0.0038915141716546076
446 0.0037673858623098167
447 0.0036402374250817976
448 0.0035093858519317424
449 0.0033742013541777616
450 0.0032341754692555083
451 0.0030889964722744206
452 0.002938622795869478
453 0.0027833424200214294
454 0.002623805536906404
455 0.0024610202975219116
456 0.0022963073650056442
457 0.002131217263283284
458 0.001967422745156969
459 0.0018066037455321295
460 0.0016503429122214236
461 0.0015000451480047929
462 0.0013568870426131157
463 0.0012217945400980021
464 0.0010954422007708768
465 9.782659467704256E-4
